Mat Object: 1 MPI processes
  type: seqaij
row 0: (0, 0.853617 - 0.0166667 i) (1, -0.616278)  (2, -0.118734 - 0.00416667 i) (3, -0.118734 - 0.00416667 i)
row 1: (0, -0.616278)  (1, 4.15083)  (2, -1.1667)  (3, -1.1667)  (4, -1.2014) 
row 2: (0, -0.118734 - 0.00416667 i) (1, -1.1667)  (2, 1.98747 - 0.0166667 i) (4, -0.166481)  (5, -0.0953802)  (6, -0.440499 - 0.00416667 i)
row 3: (0, -0.118734 - 0.00416667 i) (1, -1.1667)  (3, 1.98747 - 0.0166667 i) (4, -0.166481)  (7, -0.440499 - 0.00416667 i) (8, -0.0953802) 
row 4: (1, -1.2014)  (2, -0.166481)  (3, -0.166481)  (4, 4.04806)  (5, -1.08565)  (8, -1.08565)  (11, -0.342906) 
row 5: (2, -0.0953802)  (4, -1.08565)  (5, 3.98607)  (6, -1.13518)  (9, -0.0953802)  (11, -0.48941)  (12, -1.08565) 
row 6: (2, -0.440499 - 0.00416667 i) (5, -1.13518)  (6, 2.016 - 0.0166667 i) (9, -0.440499 - 0.00416667 i)
row 7: (3, -0.440499 - 0.00416667 i) (7, 2.016 - 0.0166667 i) (8, -1.13518)  (10, -0.440499 - 0.00416667 i)
row 8: (3, -0.0953802)  (4, -1.08565)  (7, -1.13518)  (8, 3.98607)  (10, -0.0953802)  (11, -0.48941)  (13, -1.08565) 
row 9: (5, -0.0953802)  (6, -0.440499 - 0.00416667 i) (9, 1.98747 - 0.0166667 i) (12, -0.166481)  (14, -1.1667)  (17, -0.118734 - 0.00416667 i)
row 10: (7, -0.440499 - 0.00416667 i) (8, -0.0953802)  (10, 1.98747 - 0.0166667 i) (13, -0.166481)  (15, -1.1667)  (21, -0.118734 - 0.00416667 i)
row 11: (4, -0.342906)  (5, -0.48941)  (8, -0.48941)  (11, 3.32849)  (12, -0.342906)  (13, -0.342906)  (18, -0.48941)  (19, -0.48941)  (22, -0.342906) 
row 12: (5, -1.08565)  (9, -0.166481)  (11, -0.342906)  (12, 4.04806)  (14, -1.2014)  (16, -0.166481)  (18, -1.08565) 
row 13: (8, -1.08565)  (10, -0.166481)  (11, -0.342906)  (13, 4.04806)  (15, -1.2014)  (19, -1.08565)  (20, -0.166481) 
row 14: (9, -1.1667)  (12, -1.2014)  (14, 4.15083)  (16, -1.1667)  (17, -0.616278) 
row 15: (10, -1.1667)  (13, -1.2014)  (15, 4.15083)  (20, -1.1667)  (21, -0.616278) 
row 16: (12, -0.166481)  (14, -1.1667)  (16, 3.94888)  (17, -0.401307)  (18, -0.0953802)  (23, -1.16631)  (25, -0.81997)  (33, -0.133312) 
row 17: (9, -0.118734 - 0.00416667 i) (14, -0.616278)  (16, -0.401307)  (17, 1.69823 - 0.00833333 i) (23, -0.270921)  (24, -0.291283) 
row 18: (11, -0.48941)  (12, -1.08565)  (16, -0.0953802)  (18, 3.98607)  (22, -1.08565)  (25, -1.13518)  (26, -0.0953802) 
row 19: (11, -0.48941)  (13, -1.08565)  (19, 3.98607)  (20, -0.0953802)  (22, -1.08565)  (27, -1.13518)  (28, -0.0953802) 
row 20: (13, -0.166481)  (15, -1.1667)  (19, -0.0953802)  (20, 3.93811)  (21, -0.409508)  (27, -0.818197)  (30, -1.14497)  (35, -0.137443) 
row 21: (10, -0.118734 - 0.00416667 i) (15, -0.616278)  (20, -0.409508)  (21, 1.70082 - 0.0166667 i) (29, -0.296319 - 0.00416667 i) (30, -0.260274) 
row 22: (11, -0.342906)  (18, -1.08565)  (19, -1.08565)  (22, 4.04806)  (26, -0.166481)  (28, -0.166481)  (34, -1.2014) 
row 23: (16, -1.16631)  (17, -0.270921)  (23, 3.82721)  (24, -0.677813)  (31, -0.635635)  (33, -0.245344)  (37, -0.831624) 
row 24: (17, -0.291283)  (23, -0.677813)  (24, 1.82335)  (31, -0.765878)  (32, -0.0885724) 
row 25: (16, -0.81997)  (18, -1.13518)  (25, 4.09169)  (26, -0.821089)  (33, -1.31579) 
row 26: (18, -0.0953802)  (22, -0.166481)  (25, -0.821089)  (26, 3.93708)  (33, -0.135197)  (34, -1.1667)  (39, -0.412684)  (43, -1.14013) 
row 27: (19, -1.13518)  (20, -0.818197)  (27, 4.09515)  (28, -0.818197)  (35, -1.32392) 
row 28: (19, -0.0953802)  (22, -0.166481)  (27, -0.818197)  (28, 3.93811)  (34, -1.1667)  (35, -0.137443)  (39, -0.409508)  (46, -1.14497) 
row 29: (21, -0.296319 - 0.00416667 i) (29, 1.82783 - 0.0166667 i) (30, -0.701177)  (36, -0.763785)  (40, -0.0667455 - 0.00416667 i)
row 30: (20, -1.14497)  (21, -0.260274)  (29, -0.701177)  (30, 3.7872)  (35, -0.285075)  (36, -0.614749)  (41, -0.781404) 
row 31: (23, -0.635635)  (24, -0.765878)  (31, 3.67219)  (32, -0.786726)  (37, -0.834511)  (38, -0.649715) 
row 32: (24, -0.0885724)  (31, -0.786726)  (32, 1.83838)  (38, -0.544065)  (42, -0.419247) 
row 33: (16, -0.133312)  (23, -0.245344)  (25, -1.31579)  (26, -0.135197)  (33, 3.70558)  (37, -0.574511)  (43, -0.300241)  (44, -0.516062)  (51, -0.485783) 
row 34: (22, -1.2014)  (26, -1.1667)  (28, -1.1667)  (34, 4.15083)  (39, -0.616278) 
row 35: (20, -0.137443)  (27, -1.32392)  (28, -0.137443)  (30, -0.285075)  (35, 3.70315)  (41, -0.594535)  (46, -0.285075)  (47, -0.344902)  (54, -0.595444) 
row 36: (29, -0.763785)  (30, -0.614749)  (36, 3.699)  (40, -0.91175)  (41, -0.867834)  (45, -0.541175) 
row 37: (23, -0.831624)  (31, -0.834511)  (33, -0.574511)  (37, 3.77914)  (38, -0.660873)  (44, -0.877936) 
row 38: (31, -0.649715)  (32, -0.544065)  (37, -0.660873)  (38, 3.62852)  (42, -0.157999)  (44, -0.183803)  (48, -0.942126)  (57, -0.490498) 
row 39: (26, -0.412684)  (28, -0.409508)  (34, -0.616278)  (39, 3.49642)  (43, -0.255916)  (46, -0.260274)  (52, -0.328317)  (55, -0.325996)  (56, -0.888019) 
row 40: (29, -0.0667455 - 0.00416667 i) (36, -0.91175)  (40, 1.85641 - 0.0166667 i) (45, -0.488513)  (53, -0.389627 - 0.00416667 i)
row 41: (30, -0.781404)  (35, -0.594535)  (36, -0.867834)  (41, 3.75172)  (45, -0.613924)  (47, -0.894376) 
row 42: (32, -0.419247)  (38, -0.157999)  (42, 1.72822)  (48, -0.498693)  (49, -0.460792)  (50, -0.191841) 
row 43: (26, -1.14013)  (33, -0.300241)  (39, -0.255916)  (43, 3.78117)  (51, -0.741441)  (52, -0.712249)  (60, -0.631651) 
row 44: (33, -0.516062)  (37, -0.877936)  (38, -0.183803)  (44, 3.7689)  (51, -0.969393)  (57, -1.01634)  (61, -0.205822) 
row 45: (36, -0.541175)  (40, -0.488513)  (41, -0.613924)  (45, 3.45344)  (47, -0.384808)  (53, -0.377253)  (62, -0.580533)  (64, -0.467885) 
row 46: (28, -1.14497)  (35, -0.285075)  (39, -0.260274)  (46, 3.7872)  (54, -0.781404)  (55, -0.701177)  (63, -0.614749) 
row 47: (35, -0.344902)  (41, -0.894376)  (45, -0.384808)  (47, 3.64268)  (54, -0.891024)  (64, -0.743422)  (65, -0.384685) 
row 48: (38, -0.942126)  (42, -0.498693)  (48, 3.66286)  (49, -0.976795)  (57, -0.401589)  (59, -0.285092)  (68, -0.559057) 
row 49: (42, -0.460792)  (48, -0.976795)  (49, 3.76169)  (50, -0.886703)  (58, -0.769125)  (59, -0.66863) 
row 50: (42, -0.191841)  (49, -0.886703)  (50, 1.84942)  (58, -0.702061)  (67, -0.0689926) 
row 51: (33, -0.485783)  (43, -0.741441)  (44, -0.969393)  (51, 3.82728)  (60, -1.03267)  (61, -0.598343) 
row 52: (39, -0.328317)  (43, -0.712249)  (52, 3.69706)  (56, -1.03813)  (60, -0.71879)  (66, -0.276701)  (69, -0.430111)  (78, -0.193247) 
row 53: (40, -0.389627 - 0.00416667 i) (45, -0.377253)  (53, 1.77457 - 0.0166667 i) (62, -0.60368)  (70, -0.404348 - 0.00416667 i)
row 54: (35, -0.595444)  (46, -0.781404)  (47, -0.891024)  (54, 3.75402)  (63, -0.886107)  (65, -0.600399) 
row 55: (39, -0.325996)  (46, -0.701177)  (55, 3.71278)  (56, -1.03813)  (63, -0.763785)  (66, -0.283106)  (71, -0.416685)  (73, -0.184392) 
row 56: (39, -0.888019)  (52, -1.03813)  (55, -1.03813)  (56, 4.01028)  (66, -1.04622) 
row 57: (38, -0.490498)  (44, -1.01634)  (48, -0.401589)  (57, 3.84559)  (61, -0.774492)  (68, -1.16306) 
row 58: (49, -0.769125)  (50, -0.702061)  (58, 3.68212)  (59, -0.249736)  (67, -0.835615)  (74, -0.275237)  (76, -0.850743) 
row 59: (48, -0.285092)  (49, -0.66863)  (58, -0.249736)  (59, 3.76718)  (68, -0.994814)  (76, -0.360272)  (77, -0.101366)  (83, -1.10784) 
row 60: (43, -0.631651)  (51, -1.03267)  (52, -0.71879)  (60, 3.82285)  (61, -0.408088)  (69, -1.03197) 
row 61: (44, -0.205822)  (51, -0.598343)  (57, -0.774492)  (60, -0.408088)  (61, 3.48039)  (68, -0.1165)  (69, -0.340982)  (77, -0.604069)  (84, -0.432812) 
row 62: (45, -0.580533)  (53, -0.60368)  (62, 3.55303)  (64, -0.460251)  (70, -0.368689)  (72, -0.647067)  (79, -0.89343) 
row 63: (46, -0.614749)  (54, -0.886107)  (55, -0.763785)  (63, 3.71081)  (65, -0.518469)  (71, -0.927995) 
row 64: (45, -0.467885)  (47, -0.743422)  (62, -0.460251)  (64, 3.6211)  (65, -0.546584)  (72, -0.982473)  (80, -0.4211) 
row 65: (47, -0.384685)  (54, -0.600399)  (63, -0.518469)  (64, -0.546584)  (65, 3.45067)  (71, -0.473359)  (80, -0.457411)  (88, -0.470451) 
row 66: (52, -0.276701)  (55, -0.283106)  (56, -1.04622)  (66, 3.85711)  (73, -0.960867)  (78, -0.974035)  (81, -0.316614) 
row 67: (50, -0.0689926)  (58, -0.835615)  (67, 1.8929)  (74, -0.928859)  (75, -0.0596089) 
row 68: (48, -0.559057)  (57, -1.16306)  (59, -0.994814)  (61, -0.1165)  (68, 4.06097)  (77, -1.22793) 
row 69: (52, -0.430111)  (60, -1.03197)  (61, -0.340982)  (69, 3.82085)  (78, -1.00284)  (84, -0.863668)  (85, -0.151811) 
row 70: (53, -0.404348 - 0.00416667 i) (62, -0.368689)  (70, 1.77525 - 0.0166667 i) (79, -0.594874)  (87, -0.407652 - 0.00416667 i)
row 71: (55, -0.416685)  (63, -0.927995)  (65, -0.473359)  (71, 3.77277)  (73, -1.02428)  (88, -0.80231)  (89, -0.128645) 
row 72: (62, -0.647067)  (64, -0.982473)  (72, 3.89507)  (79, -0.204314)  (80, -0.934028)  (86, -1.12759) 
row 73: (55, -0.184392)  (66, -0.960867)  (71, -1.02428)  (73, 3.87486)  (81, -0.722744)  (89, -0.98299) 
row 74: (58, -0.275237)  (67, -0.928859)  (74, 3.78826)  (75, -0.884361)  (76, -0.777563)  (82, -0.922553) 
row 75: (67, -0.0596089)  (74, -0.884361)  (75, 1.77963)  (82, -0.167662)  (90, -0.475188)  (91, -0.193084) 
row 76: (58, -0.850743)  (59, -0.360272)  (74, -0.777563)  (76, 3.61625)  (82, -0.349899)  (83, -0.620332)  (94, -0.657887) 
row 77: (59, -0.101366)  (61, -0.604069)  (68, -1.22793)  (77, 4.09229)  (83, -0.192826)  (84, -0.360691)  (95, -0.151864)  (103, -1.45422) 
row 78: (52, -0.193247)  (66, -0.974035)  (69, -1.00284)  (78, 3.87763)  (81, -0.680893)  (85, -1.02702) 
row 79: (62, -0.89343)  (70, -0.594874)  (72, -0.204314)  (79, 3.60899)  (86, -0.80898)  (87, -0.441702)  (96, -0.666313) 
row 80: (64, -0.4211)  (65, -0.457411)  (72, -0.934028)  (80, 3.56518)  (86, -0.134499)  (88, -0.47325)  (97, -0.691435)  (98, -0.454225) 
row 81: (66, -0.316614)  (73, -0.722744)  (78, -0.680893)  (81, 3.50429)  (85, -0.260086)  (89, -0.289407)  (99, -0.525342)  (105, -0.709829) 
row 82: (74, -0.922553)  (75, -0.167662)  (76, -0.349899)  (82, 3.62281)  (90, -0.952226)  (94, -0.2834)  (100, -0.362195)  (111, -0.585419) 
row 83: (59, -1.10784)  (76, -0.620332)  (77, -0.192826)  (83, 3.97391)  (94, -0.959607)  (95, -1.09371) 
row 84: (61, -0.432812)  (69, -0.863668)  (77, -0.360691)  (84, 3.54972)  (85, -0.508205)  (103, -0.0934249)  (104, -0.648038)  (114, -0.643582) 
row 85: (69, -0.151811)  (78, -1.02702)  (81, -0.260086)  (84, -0.508205)  (85, 3.63699)  (104, -0.780149)  (105, -0.644248)  (117, -0.26613) 
row 86: (72, -1.12759)  (79, -0.80898)  (80, -0.134499)  (86, 3.76452)  (96, -0.143651)  (97, -0.599645)  (106, -0.81538)  (108, -0.135453) 
row 87: (70, -0.407652 - 0.00416667 i) (79, -0.441702)  (87, 1.79043 - 0.0166667 i) (96, -0.467065)  (107, -0.474367 - 0.00416667 i)
row 88: (65, -0.470451)  (71, -0.80231)  (80, -0.47325)  (88, 3.56085)  (89, -0.522043)  (98, -0.640393)  (109, -0.653029) 
row 89: (71, -0.128645)  (73, -0.98299)  (81, -0.289407)  (88, -0.522043)  (89, 3.61154)  (99, -0.614707)  (109, -0.787931)  (110, -0.286487) 
row 90: (75, -0.475188)  (82, -0.952226)  (90, 3.75198)  (91, -0.881203)  (92, -0.766131)  (100, -0.677584) 
row 91: (75, -0.193084)  (90, -0.881203)  (91, 1.84764)  (92, -0.704409)  (93, -0.069127) 
row 92: (90, -0.766131)  (91, -0.704409)  (92, 3.68113)  (93, -0.835274)  (100, -0.249734)  (101, -0.275132)  (112, -0.850845) 
row 93: (91, -0.069127)  (92, -0.835274)  (93, 1.89281)  (101, -0.928977)  (102, -0.0596089) 
row 94: (76, -0.657887)  (82, -0.2834)  (83, -0.959607)  (94, 3.80945)  (95, -0.20628)  (111, -1.18627)  (116, -0.516456) 
row 95: (77, -0.151864)  (83, -1.09371)  (94, -0.20628)  (95, 4.00838)  (103, -1.31812)  (115, -0.404073)  (116, -0.834836) 
row 96: (79, -0.666313)  (86, -0.143651)  (87, -0.467065)  (96, 3.71998)  (106, -1.22647)  (107, -0.335849)  (122, -0.120776)  (123, -0.76061) 
row 97: (80, -0.691435)  (86, -0.599645)  (97, 3.5442)  (98, -0.579737)  (108, -0.661935)  (125, -0.420458)  (126, -0.591553) 
row 98: (80, -0.454225)  (88, -0.640393)  (97, -0.579737)  (98, 3.54204)  (109, -0.795962)  (126, -0.576092)  (127, -0.496181) 
row 99: (81, -0.525342)  (89, -0.614707)  (99, 3.54591)  (105, -0.730563)  (110, -0.541549)  (118, -0.383492)  (119, -0.750778) 
row 100: (82, -0.362195)  (90, -0.677584)  (92, -0.249734)  (100, 3.65783)  (111, -0.707914)  (112, -0.360152)  (128, -0.193006)  (137, -1.10784) 
row 101: (92, -0.275132)  (93, -0.928977)  (101, 3.78831)  (102, -0.884361)  (112, -0.7776)  (113, -0.922553) 
row 102: (93, -0.0596089)  (101, -0.884361)  (102, 1.77963)  (113, -0.167662)  (120, -0.475188)  (121, -0.193084) 
row 103: (77, -1.45422)  (84, -0.0934249)  (95, -1.31812)  (103, 4.46842)  (114, -1.36827)  (115, -0.234777) 
row 104: (84, -0.648038)  (85, -0.780149)  (104, 3.72673)  (114, -0.879636)  (117, -0.971766)  (129, -0.447572) 
row 105: (81, -0.709829)  (85, -0.644248)  (99, -0.730563)  (105, 3.60273)  (117, -0.261185)  (118, -0.471631)  (130, -0.785795) 
row 106: (86, -0.81538)  (96, -1.22647)  (106, 4.08375)  (108, -1.22687)  (122, -0.815368) 
row 107: (87, -0.474367 - 0.00416667 i) (96, -0.335849)  (107, 1.79785 - 0.0166667 i) (123, -0.674054)  (124, -0.313902 - 0.00416667 i)
row 108: (86, -0.135453)  (97, -0.661935)  (106, -1.22687)  (108, 3.96692)  (122, -0.214829)  (125, -1.11574)  (135, -0.612641) 
row 109: (88, -0.653029)  (89, -0.787931)  (98, -0.795962)  (109, 3.6524)  (110, -0.706515)  (127, -0.709367) 
row 110: (89, -0.286487)  (99, -0.541549)  (109, -0.706515)  (110, 3.52338)  (119, -0.706603)  (127, -0.315111)  (136, -0.215049)  (150, -0.752689) 
row 111: (82, -0.585419)  (94, -1.18627)  (100, -0.707914)  (111, 3.88135)  (116, -0.33124)  (128, -1.0709) 
row 112: (92, -0.850845)  (100, -0.360152)  (101, -0.7776)  (112, 3.61627)  (113, -0.349899)  (137, -0.620332)  (138, -0.657887) 
row 113: (101, -0.922553)  (102, -0.167662)  (112, -0.349899)  (113, 3.62281)  (120, -0.952226)  (138, -0.2834)  (139, -0.362195)  (154, -0.585419) 
row 114: (84, -0.643582)  (103, -1.36827)  (104, -0.879636)  (114, 3.92335)  (115, -0.685676)  (129, -0.346612) 
row 115: (95, -0.404073)  (103, -0.234777)  (114, -0.685676)  (115, 3.51055)  (116, -0.367606)  (129, -0.477833)  (140, -0.515813)  (155, -0.825395) 
row 116: (94, -0.516456)  (95, -0.834836)  (111, -0.33124)  (115, -0.367606)  (116, 3.60776)  (128, -0.85008)  (140, -0.708086) 
row 117: (85, -0.26613)  (104, -0.971766)  (105, -0.261185)  (117, 3.81146)  (129, -0.35886)  (130, -1.03258)  (141, -0.921446) 
row 118: (99, -0.383492)  (105, -0.471631)  (118, 3.73682)  (119, -1.00947)  (130, -0.970724)  (131, -0.72918)  (142, -0.172767) 
row 119: (99, -0.750778)  (110, -0.706603)  (118, -1.00947)  (119, 3.84373)  (131, -0.28689)  (136, -1.09037) 
row 120: (102, -0.475188)  (113, -0.952226)  (120, 3.7722)  (121, -0.819837)  (132, -0.880758)  (139, -0.644533) 
row 121: (102, -0.193084)  (120, -0.819837)  (121, 1.86204)  (132, -0.777437)  (143, -0.0718573) 
row 122: (96, -0.120776)  (106, -0.815368)  (108, -0.214829)  (122, 3.4959)  (123, -0.778279)  (133, -0.248963)  (135, -0.386111)  (149, -0.505374)  (166, -0.427018) 
row 123: (96, -0.76061)  (107, -0.674054)  (122, -0.778279)  (123, 3.65227)  (124, -0.682562)  (133, -0.757308) 
row 124: (107, -0.313902 - 0.00416667 i) (123, -0.682562)  (124, 1.80542 - 0.0166667 i) (133, -0.324138)  (134, -0.48515 - 0.00416667 i)
row 125: (97, -0.420458)  (108, -1.11574)  (125, 3.90806)  (126, -1.00289)  (135, -0.322244)  (148, -1.04705) 
row 126: (97, -0.591553)  (98, -0.576092)  (125, -1.00289)  (126, 3.68051)  (127, -0.69648)  (148, -0.474896)  (151, -0.339126) 
row 127: (98, -0.496181)  (109, -0.709367)  (110, -0.315111)  (126, -0.69648)  (127, 3.59525)  (150, -0.911715)  (151, -0.466934) 
row 128: (100, -0.193006)  (111, -1.0709)  (116, -0.85008)  (128, 4.0911)  (137, -0.192826)  (140, -0.17882)  (153, -0.151864)  (178, -1.45422) 
row 129: (104, -0.447572)  (114, -0.346612)  (115, -0.477833)  (117, -0.35886)  (129, 3.42779)  (141, -0.552113)  (155, -0.551128)  (156, -0.694258) 
row 130: (105, -0.785795)  (117, -1.03258)  (118, -0.970724)  (130, 3.89711)  (141, -0.17382)  (142, -0.934528) 
row 131: (118, -0.72918)  (119, -0.28689)  (131, 3.66242)  (136, -0.22623)  (142, -0.612247)  (152, -1.15127)  (157, -0.500644)  (158, -0.156598) 
row 132: (120, -0.880758)  (121, -0.777437)  (132, 3.92131)  (139, -0.218959)  (143, -0.869419)  (162, -1.17505) 
row 133: (122, -0.248963)  (123, -0.757308)  (124, -0.324138)  (133, 3.82543)  (134, -0.191867)  (145, -1.10173)  (166, -1.11022)  (168, -0.0919185) 
row 134: (124, -0.48515 - 0.00416667 i) (133, -0.191867)  (134, 1.90009 - 0.0166667 i) (144, -0.274577 - 0.00416667 i) (145, -0.948784) 
row 135: (108, -0.612641)  (122, -0.386111)  (125, -0.322244)  (135, 3.48338)  (148, -0.604837)  (149, -0.689626)  (173, -0.330154)  (174, -0.53835) 
row 136: (110, -0.215049)  (119, -1.09037)  (131, -0.22623)  (136, 3.63572)  (150, -0.538663)  (152, -0.408255)  (175, -0.387657)  (176, -0.770058) 
row 137: (100, -1.10784)  (112, -0.620332)  (128, -0.192826)  (137, 3.97391)  (138, -0.959607)  (153, -1.09371) 
row 138: (112, -0.657887)  (113, -0.2834)  (137, -0.959607)  (138, 3.80945)  (153, -0.20628)  (154, -1.18627)  (179, -0.516456) 
row 139: (113, -0.362195)  (120, -0.644533)  (132, -0.218959)  (139, 3.65178)  (154, -0.707914)  (162, -0.408195)  (180, -0.193006)  (191, -1.11757) 
row 140: (115, -0.515813)  (116, -0.708086)  (128, -0.17882)  (140, 3.60374)  (155, -0.860921)  (178, -0.0934249)  (181, -0.606704)  (211, -0.64057) 
row 141: (117, -0.921446)  (129, -0.552113)  (130, -0.17382)  (141, 3.63707)  (142, -0.641764)  (156, -0.514641)  (182, -0.833695) 
row 142: (118, -0.172767)  (130, -0.934528)  (131, -0.612247)  (141, -0.641764)  (142, 3.54629)  (157, -0.55595)  (182, -0.377701)  (183, -0.251907) 
row 143: (121, -0.0718573)  (132, -0.869419)  (143, 1.79358)  (162, -0.19826)  (188, -0.315785)  (189, -0.33857) 
row 144: (134, -0.274577 - 0.00416667 i) (144, 1.66895 - 0.0166667 i) (145, -0.425406)  (146, -0.196424 - 0.00416667 i) (147, -0.470394)  (167, -0.302466) 
row 145: (133, -1.10173)  (134, -0.948784)  (144, -0.425406)  (145, 3.90813)  (167, -1.09594)  (168, -0.336711) 
row 146: (144, -0.196424 - 0.00416667 i) (146, 1.86231 - 0.0166667 i) (147, -0.820572)  (164, -0.0717051 - 0.00416667 i) (165, -0.773788) 
row 147: (144, -0.470394)  (146, -0.820572)  (147, 3.78604)  (165, -0.890607)  (167, -0.984079)  (197, -0.620731) 
row 148: (125, -1.04705)  (126, -0.474896)  (135, -0.604837)  (148, 3.73808)  (151, -0.331801)  (174, -0.415784)  (205, -0.864206) 
row 149: (122, -0.505374)  (135, -0.689626)  (149, 3.82224)  (166, -1.11924)  (173, -0.979634)  (198, -0.528771) 
row 150: (110, -0.752689)  (127, -0.911715)  (136, -0.538663)  (150, 3.71091)  (151, -0.570872)  (175, -0.937417) 
row 151: (126, -0.339126)  (127, -0.466934)  (148, -0.331801)  (150, -0.570872)  (151, 3.38426)  (175, -0.326395)  (205, -0.546776)  (230, -0.526399)  (233, -0.276749) 
row 152: (131, -1.15127)  (136, -0.408255)  (152, 3.84929)  (158, -0.632185)  (176, -0.886891)  (206, -0.771016) 
row 153: (128, -0.151864)  (137, -1.09371)  (138, -0.20628)  (153, 4.00838)  (178, -1.31812)  (179, -0.834836)  (212, -0.404073) 
row 154: (113, -0.585419)  (138, -1.18627)  (139, -0.707914)  (154, 3.88135)  (179, -0.33124)  (180, -1.0709) 
row 155: (115, -0.825395)  (129, -0.551128)  (140, -0.860921)  (155, 3.64972)  (156, -0.325476)  (181, -0.225471)  (213, -0.861751) 
row 156: (129, -0.694258)  (141, -0.514641)  (155, -0.325476)  (156, 3.62305)  (182, -0.839789)  (213, -0.912126)  (214, -0.337153) 
row 157: (131, -0.500644)  (142, -0.55595)  (157, 3.61905)  (158, -0.63731)  (183, -0.945786)  (184, -0.695415)  (215, -0.284429) 
row 158: (131, -0.156598)  (152, -0.632185)  (157, -0.63731)  (158, 3.64653)  (184, -0.63826)  (185, -0.625233)  (206, -0.824415)  (207, -0.133064) 
row 159: (159, 1.85243)  (160, -0.900142)  (161, -0.0667455)  (186, -0.501289)  (187, -0.384484) 
row 160: (159, -0.900142)  (160, 3.69237)  (161, -0.763785)  (163, -0.614749)  (186, -0.554016)  (195, -0.859965) 
row 161: (159, -0.0667455)  (160, -0.763785)  (161, 1.82783)  (163, -0.701177)  (192, -0.296319) 
row 162: (132, -1.17505)  (139, -0.408195)  (143, -0.19826)  (162, 3.78103)  (188, -1.00049)  (191, -0.518608)  (217, -0.480899) 
row 163: (160, -0.614749)  (161, -0.701177)  (163, 3.7872)  (192, -0.260274)  (195, -0.781404)  (224, -1.14497)  (226, -0.285075) 
row 164: (146, -0.0717051 - 0.00416667 i) (164, 1.80607 - 0.0166667 i) (165, -0.86776)  (196, -0.22522)  (202, -0.378106 - 0.00416667 i) (203, -0.263595) 
row 165: (146, -0.773788)  (147, -0.890607)  (164, -0.86776)  (165, 3.91977)  (196, -1.16791)  (197, -0.220009) 
row 166: (122, -0.427018)  (133, -1.11022)  (149, -1.11924)  (166, 3.97361)  (168, -1.05505)  (198, -0.262518) 
row 167: (144, -0.302466)  (145, -1.09594)  (147, -0.984079)  (167, 3.71541)  (168, -0.448985)  (197, -0.326301)  (227, -0.558128) 
row 168: (133, -0.0919185)  (145, -0.336711)  (166, -1.05505)  (167, -0.448985)  (168, 3.70341)  (198, -0.58247)  (227, -0.952333)  (252, -0.236556) 
row 169: (169, 3.7872)  (170, -0.614749)  (171, -0.701177)  (177, -0.260274)  (199, -0.781404)  (208, -1.14497)  (228, -0.285075) 
row 170: (169, -0.614749)  (170, 3.69237)  (171, -0.763785)  (172, -0.900142)  (199, -0.859965)  (200, -0.554016) 
row 171: (169, -0.701177)  (170, -0.763785)  (171, 1.82783 - 0.0166667 i) (172, -0.0667455 - 0.00416667 i) (177, -0.296319 - 0.00416667 i)
row 172: (170, -0.900142)  (171, -0.0667455 - 0.00416667 i) (172, 1.85243 - 0.0166667 i) (200, -0.501289)  (201, -0.384484 - 0.00416667 i)
row 173: (135, -0.330154)  (149, -0.979634)  (173, 3.79795)  (174, -1.03783)  (198, -0.617711)  (229, -0.832944) 
row 174: (135, -0.53835)  (148, -0.415784)  (173, -1.03783)  (174, 3.65698)  (205, -0.782969)  (229, -0.45056)  (231, -0.431959) 
row 175: (136, -0.387657)  (150, -0.937417)  (151, -0.326395)  (175, 3.77952)  (176, -0.849038)  (232, -0.200906)  (233, -1.07865) 
row 176: (136, -0.770058)  (152, -0.886891)  (175, -0.849038)  (176, 3.7404)  (206, -0.443327)  (232, -0.791422) 
row 177: (169, -0.260274)  (171, -0.296319 - 0.00416667 i) (177, 1.77663 - 0.0166667 i) (208, -0.332455)  (209, -0.0416808 - 0.00416667 i) (210, -0.846182) 
row 178: (128, -1.45422)  (140, -0.0934249)  (153, -1.31812)  (178, 4.46842)  (211, -1.36827)  (212, -0.234777) 
row 179: (138, -0.516456)  (153, -0.834836)  (154, -0.33124)  (179, 3.60776)  (180, -0.85008)  (212, -0.367606)  (240, -0.708086) 
row 180: (139, -0.193006)  (154, -1.0709)  (179, -0.85008)  (180, 4.09058)  (191, -0.19207)  (218, -0.153199)  (240, -0.17882)  (241, -1.45312) 
row 181: (140, -0.606704)  (155, -0.225471)  (181, 3.62981)  (211, -0.558697)  (213, -0.912693)  (242, -0.464037)  (243, -0.862633) 
row 182: (141, -0.833695)  (142, -0.377701)  (156, -0.839789)  (182, 3.79148)  (183, -1.07554)  (214, -0.66509) 
row 183: (142, -0.251907)  (157, -0.945786)  (182, -1.07554)  (183, 3.76959)  (214, -0.283557)  (215, -0.802534)  (244, -0.410707) 
row 184: (157, -0.695415)  (158, -0.63826)  (184, 3.65899)  (185, -0.845827)  (215, -0.850814)  (216, -0.62898) 
row 185: (158, -0.625233)  (184, -0.845827)  (185, 1.98187)  (207, -0.381983)  (216, -0.129037) 
row 186: (159, -0.501289)  (160, -0.554016)  (186, 3.46825)  (187, -0.325767)  (190, -0.641446)  (195, -0.618597)  (245, -0.375792)  (246, -0.451979) 
row 187: (159, -0.384484)  (186, -0.325767)  (187, 1.78092)  (189, -0.358959)  (190, -0.712021) 
row 188: (143, -0.315785)  (162, -1.00049)  (188, 3.71212)  (189, -0.809738)  (190, -0.947027)  (217, -0.367435)  (247, -0.272201) 
row 189: (143, -0.33857)  (187, -0.358959)  (188, -0.809738)  (189, 1.79877)  (190, -0.291774) 
row 190: (186, -0.641446)  (187, -0.712021)  (188, -0.947027)  (189, -0.291774)  (190, 3.5865)  (246, -0.447011)  (247, -0.547827) 
row 191: (139, -1.11757)  (162, -0.518608)  (180, -0.19207)  (191, 4.00888)  (217, -1.06804)  (218, -1.11302) 
row 192: (161, -0.296319)  (163, -0.260274)  (192, 1.70082 - 0.00833333 i) (193, -0.616278)  (194, -0.118734 - 0.00416667 i) (224, -0.409508) 
row 193: (192, -0.616278)  (193, 4.15083)  (194, -1.1667)  (224, -1.1667)  (225, -1.2014) 
row 194: (192, -0.118734 - 0.00416667 i) (193, -1.1667)  (194, 1.98747 - 0.0166667 i) (222, -0.0953802)  (223, -0.440499 - 0.00416667 i) (225, -0.166481) 
row 195: (160, -0.859965)  (163, -0.781404)  (186, -0.618597)  (195, 3.75405)  (226, -0.59118)  (245, -0.903253) 
row 196: (164, -0.22522)  (165, -1.16791)  (196, 3.80859)  (197, -0.443854)  (203, -1.06018)  (250, -0.333102)  (251, -0.578782) 
row 197: (147, -0.620731)  (165, -0.220009)  (167, -0.326301)  (196, -0.443854)  (197, 3.68442)  (227, -1.12537)  (251, -0.802677)  (253, -0.146046) 
row 198: (149, -0.528771)  (166, -0.262518)  (168, -0.58247)  (173, -0.617711)  (198, 3.48705)  (229, -0.545095)  (252, -0.661412)  (257, -0.289698) 
row 199: (169, -0.781404)  (170, -0.859965)  (199, 3.75341)  (200, -0.617298)  (228, -0.593163)  (254, -0.90193) 
row 200: (170, -0.554016)  (172, -0.501289)  (199, -0.617298)  (200, 3.46766)  (201, -0.325767)  (204, -0.641446)  (254, -0.378462)  (255, -0.450027) 
row 201: (172, -0.384484 - 0.00416667 i) (200, -0.325767)  (201, 1.78092 - 0.0166667 i) (202, -0.358959 - 0.00416667 i) (204, -0.712021) 
row 202: (164, -0.378106 - 0.00416667 i) (201, -0.358959 - 0.00416667 i) (202, 1.78052 - 0.0166667 i) (203, -0.716994)  (204, -0.326753) 
row 203: (164, -0.263595)  (196, -1.06018)  (202, -0.716994)  (203, 3.71434)  (204, -0.936477)  (250, -0.476738)  (256, -0.2609) 
row 204: (200, -0.641446)  (201, -0.712021)  (202, -0.326753)  (203, -0.936477)  (204, 3.57578)  (255, -0.436055)  (256, -0.523637) 
row 205: (148, -0.864206)  (151, -0.546776)  (174, -0.782969)  (205, 3.73149)  (230, -0.975324)  (231, -0.562615) 
row 206: (152, -0.771016)  (158, -0.824415)  (176, -0.443327)  (206, 3.75857)  (207, -0.896852)  (232, -0.823301) 
row 207: (158, -0.133064)  (185, -0.381983)  (206, -0.896852)  (207, 2.01289)  (232, -0.128907)  (275, -0.472441) 
row 208: (169, -1.14497)  (177, -0.332455)  (208, 3.93811)  (210, -1.1667)  (228, -0.137443)  (234, -0.243535)  (259, -0.818197)  (260, -0.0953802) 
row 209: (177, -0.0416808 - 0.00416667 i) (209, 1.98747 - 0.0166667 i) (210, -1.1667)  (234, -0.243535)  (235, -0.440499 - 0.00416667 i) (236, -0.0953802) 
row 210: (177, -0.846182)  (208, -1.1667)  (209, -1.1667)  (210, 4.06825)  (234, -0.888921) 
row 211: (140, -0.64057)  (178, -1.36827)  (181, -0.558697)  (211, 3.89893)  (212, -0.523923)  (243, -0.807837) 
row 212: (153, -0.404073)  (178, -0.234777)  (179, -0.367606)  (211, -0.523923)  (212, 3.48015)  (240, -0.881202)  (243, -0.567975)  (279, -0.361611)  (280, -0.139746) 
row 213: (155, -0.861751)  (156, -0.912126)  (181, -0.912693)  (213, 3.75585)  (214, -0.667686)  (242, -0.401963) 
row 214: (156, -0.337153)  (182, -0.66509)  (183, -0.283557)  (213, -0.667686)  (214, 3.4802)  (242, -0.37158)  (244, -0.73352)  (281, -0.422167) 
row 215: (157, -0.284429)  (183, -0.802534)  (184, -0.850814)  (215, 3.60542)  (216, -0.386898)  (244, -0.54584)  (265, -0.735251) 
row 216: (184, -0.62898)  (185, -0.129037)  (215, -0.386898)  (216, 1.83364)  (265, -0.561178)  (283, -0.127788) 
row 217: (162, -0.480899)  (188, -0.367435)  (191, -1.06804)  (217, 3.75824)  (218, -0.193679)  (247, -1.04498)  (267, -0.603725) 
row 218: (180, -0.153199)  (191, -1.11302)  (217, -0.193679)  (218, 4.01983)  (241, -1.31766)  (266, -0.397342)  (267, -0.845442) 
row 219: (219, 1.98747 - 0.0166667 i) (220, -1.1667)  (221, -0.118734 - 0.00416667 i) (222, -0.0953802)  (223, -0.440499 - 0.00416667 i) (248, -0.166481) 
row 220: (219, -1.1667)  (220, 4.15083)  (221, -0.616278)  (248, -1.2014)  (249, -1.1667) 
row 221: (219, -0.118734 - 0.00416667 i) (220, -0.616278)  (221, 0.853617 - 0.00833333 i) (249, -0.118734) 
row 222: (194, -0.0953802)  (219, -0.0953802)  (222, 3.98607)  (223, -1.13518)  (225, -1.08565)  (248, -1.08565)  (268, -0.48941) 
row 223: (194, -0.440499 - 0.00416667 i) (219, -0.440499 - 0.00416667 i) (222, -1.13518)  (223, 2.016 - 0.0166667 i)
row 224: (163, -1.14497)  (192, -0.409508)  (193, -1.1667)  (224, 3.93811)  (225, -0.166481)  (226, -0.137443)  (269, -0.0953802)  (270, -0.818197) 
row 225: (193, -1.2014)  (194, -0.166481)  (222, -1.08565)  (224, -0.166481)  (225, 4.04806)  (268, -0.342906)  (269, -1.08565) 
row 226: (163, -0.285075)  (195, -0.59118)  (224, -0.137443)  (226, 3.70234)  (245, -0.350311)  (270, -1.32392)  (271, -0.592579)  (287, -0.137443)  (288, -0.285075) 
row 227: (167, -0.558128)  (168, -0.952333)  (197, -1.12537)  (227, 3.98129)  (252, -1.15278)  (253, -0.193124) 
row 228: (169, -0.285075)  (199, -0.593163)  (208, -0.137443)  (228, 3.70291)  (254, -0.346486)  (259, -1.32392)  (272, -0.594992)  (276, -0.137443)  (292, -0.285075) 
row 229: (173, -0.832944)  (174, -0.45056)  (198, -0.545095)  (229, 3.61944)  (231, -0.491523)  (257, -0.82216)  (273, -0.477728) 
row 230: (151, -0.526399)  (205, -0.975324)  (230, 3.74216)  (231, -0.554851)  (233, -0.886146)  (258, -0.799833) 
row 231: (174, -0.431959)  (205, -0.562615)  (229, -0.491523)  (230, -0.554851)  (231, 3.41584)  (258, -0.352)  (273, -0.528696)  (295, -0.494881) 
row 232: (175, -0.200906)  (176, -0.791422)  (206, -0.823301)  (207, -0.128907)  (232, 3.54174)  (233, -0.283375)  (274, -0.506468)  (275, -0.466747)  (296, -0.341319) 
row 233: (151, -0.276749)  (175, -1.07865)  (230, -0.886146)  (232, -0.283375)  (233, 3.77496)  (258, -0.348649)  (274, -0.901937) 
row 234: (208, -0.243535)  (209, -0.243535)  (210, -0.888921)  (234, 3.88967)  (236, -1.08565)  (260, -1.08565)  (277, -0.342906) 
row 235: (209, -0.440499 - 0.00416667 i) (235, 2.016 - 0.0166667 i) (236, -1.13518)  (239, -0.440499 - 0.00416667 i)
row 236: (209, -0.0953802)  (234, -1.08565)  (235, -1.13518)  (236, 3.98607)  (239, -0.0953802)  (261, -1.08565)  (277, -0.48941) 
row 237: (237, 0.853617 - 0.0166667 i) (238, -0.616278)  (239, -0.118734 - 0.00416667 i) (262, -0.118734 - 0.00416667 i)
row 238: (237, -0.616278)  (238, 4.15083)  (239, -1.1667)  (261, -1.2014)  (262, -1.1667) 
row 239: (235, -0.440499 - 0.00416667 i) (236, -0.0953802)  (237, -0.118734 - 0.00416667 i) (238, -1.1667)  (239, 1.98747 - 0.0166667 i) (261, -0.166481) 
row 240: (179, -0.708086)  (180, -0.17882)  (212, -0.881202)  (240, 3.65579)  (241, -0.0934249)  (263, -0.554243)  (264, -0.690196)  (280, -0.550435) 
row 241: (180, -1.45312)  (218, -1.31766)  (240, -0.0934249)  (241, 4.4675)  (263, -1.36827)  (266, -0.235415) 
row 242: (181, -0.464037)  (213, -0.401963)  (214, -0.37158)  (242, 3.46273)  (243, -0.524276)  (279, -0.26354)  (281, -0.779586)  (301, -0.658329) 
row 243: (181, -0.862633)  (211, -0.807837)  (212, -0.567975)  (242, -0.524276)  (243, 3.74176)  (279, -0.979419) 
row 244: (183, -0.410707)  (214, -0.73352)  (215, -0.54584)  (244, 3.58967)  (265, -0.869091)  (281, -0.63808)  (282, -0.392814) 
row 245: (186, -0.375792)  (195, -0.903253)  (226, -0.350311)  (245, 3.64993)  (246, -0.750084)  (271, -0.888368)  (284, -0.382658) 
row 246: (186, -0.451979)  (190, -0.447011)  (245, -0.750084)  (246, 3.583)  (247, -0.954137)  (284, -0.468681)  (285, -0.511733) 
row 247: (188, -0.272201)  (190, -0.547827)  (217, -1.04498)  (246, -0.954137)  (247, 3.71716)  (267, -0.211831)  (285, -0.686734) 
row 248: (219, -0.166481)  (220, -1.2014)  (222, -1.08565)  (248, 4.04806)  (249, -0.166481)  (268, -0.342906)  (286, -1.08565) 
row 249: (220, -1.1667)  (221, -0.118734)  (248, -0.166481)  (249, 1.98747)  (286, -0.0953802)  (304, -0.440499) 
row 250: (196, -0.333102)  (203, -0.476738)  (250, 3.91962)  (251, -1.21284)  (256, -1.15729)  (289, -0.046056)  (290, -0.694087) 
row 251: (196, -0.578782)  (197, -0.802677)  (250, -1.21284)  (251, 3.95726)  (253, -1.13581)  (290, -0.227531) 
row 252: (168, -0.236556)  (198, -0.661412)  (227, -1.15278)  (252, 3.99489)  (253, -0.151029)  (257, -0.478124)  (291, -1.31554) 
row 253: (197, -0.146046)  (227, -0.193124)  (251, -1.13581)  (252, -0.151029)  (253, 4.10395)  (290, -0.81266)  (291, -1.45508)  (306, -0.210828) 
row 254: (199, -0.90193)  (200, -0.378462)  (228, -0.346486)  (254, 3.64767)  (255, -0.749492)  (272, -0.889704)  (293, -0.382137) 
row 255: (200, -0.450027)  (204, -0.436055)  (254, -0.749492)  (255, 3.63577)  (256, -1.03156)  (289, -0.421123)  (293, -0.548145) 
row 256: (203, -0.2609)  (204, -0.523637)  (250, -1.15729)  (255, -1.03156)  (256, 3.90738)  (289, -0.934418) 
row 257: (198, -0.289698)  (229, -0.82216)  (252, -0.478124)  (257, 3.52324)  (273, -0.421126)  (291, -0.235482)  (294, -0.788327)  (307, -0.48898) 
row 258: (230, -0.799833)  (231, -0.352)  (233, -0.348649)  (258, 3.77166)  (274, -0.976129)  (295, -1.05842)  (297, -0.237164) 
row 259: (208, -0.818197)  (228, -1.32392)  (259, 4.09515)  (260, -1.13518)  (276, -0.818197) 
row 260: (208, -0.0953802)  (234, -1.08565)  (259, -1.13518)  (260, 3.98607)  (276, -0.0953802)  (277, -0.48941)  (298, -1.08565) 
row 261: (236, -1.08565)  (238, -1.2014)  (239, -0.166481)  (261, 4.04806)  (262, -0.166481)  (277, -0.342906)  (299, -1.08565) 
row 262: (237, -0.118734 - 0.00416667 i) (238, -1.1667)  (261, -0.166481)  (262, 1.98747 - 0.0166667 i) (299, -0.0953802)  (315, -0.440499 - 0.00416667 i)
row 263: (240, -0.554243)  (241, -1.36827)  (263, 3.92075)  (264, -0.816192)  (266, -0.553881)  (278, -0.628515) 
row 264: (240, -0.690196)  (263, -0.816192)  (264, 3.69329)  (278, -0.531463)  (280, -0.80973)  (300, -0.845995) 
row 265: (215, -0.735251)  (216, -0.561178)  (244, -0.869091)  (265, 3.68046)  (282, -0.685702)  (283, -0.829504) 
row 266: (218, -0.397342)  (241, -0.235415)  (263, -0.553881)  (266, 3.39566)  (267, -0.380306)  (278, -0.534387)  (302, -0.582867)  (316, -0.198043)  (323, -0.514124) 
row 267: (217, -0.603725)  (218, -0.845442)  (247, -0.211831)  (266, -0.380306)  (267, 3.61966)  (285, -0.917421)  (302, -0.661524) 
row 268: (222, -0.48941)  (225, -0.342906)  (248, -0.342906)  (268, 3.32849)  (269, -0.48941)  (286, -0.48941)  (305, -0.342906)  (327, -0.342906)  (328, -0.48941) 
row 269: (224, -0.0953802)  (225, -1.08565)  (268, -0.48941)  (269, 3.98607)  (270, -1.13518)  (287, -0.0953802)  (305, -1.08565) 
row 270: (224, -0.818197)  (226, -1.32392)  (269, -1.13518)  (270, 4.09515)  (287, -0.818197) 
row 271: (226, -0.592579)  (245, -0.888368)  (271, 3.75051)  (284, -0.619682)  (288, -0.781404)  (303, -0.868831) 
row 272: (228, -0.594992)  (254, -0.889704)  (272, 3.75395)  (292, -0.781404)  (293, -0.60206)  (308, -0.886146) 
row 273: (229, -0.477728)  (231, -0.528696)  (257, -0.421126)  (273, 3.41722)  (294, -0.558996)  (295, -0.517781)  (309, -0.559696)  (310, -0.353881) 
row 274: (232, -0.506468)  (233, -0.901937)  (258, -0.976129)  (274, 3.99644)  (296, -1.32952)  (297, -0.282837) 
row 275: (207, -0.472441)  (232, -0.466747)  (275, 2.0728)  (296, -1.05144)  (311, -0.0824208) 
row 276: (228, -0.137443)  (259, -0.818197)  (260, -0.0953802)  (276, 3.93811)  (292, -1.14497)  (298, -0.192513)  (313, -0.383477)  (314, -1.1667) 
row 277: (234, -0.342906)  (236, -0.48941)  (260, -0.48941)  (261, -0.342906)  (277, 3.32849)  (298, -0.342906)  (299, -0.48941)  (338, -0.48941)  (339, -0.342906) 
row 278: (263, -0.628515)  (264, -0.531463)  (266, -0.534387)  (278, 3.55508)  (300, -0.695979)  (316, -0.689361)  (317, -0.475758) 
row 279: (212, -0.361611)  (242, -0.26354)  (243, -0.979419)  (279, 3.76623)  (280, -0.939407)  (301, -0.921917)  (318, -0.300888) 
row 280: (212, -0.139746)  (240, -0.550435)  (264, -0.80973)  (279, -0.939407)  (280, 3.69098)  (300, -0.566)  (318, -0.518977)  (319, -0.167323) 
row 281: (214, -0.422167)  (242, -0.779586)  (244, -0.63808)  (281, 3.53462)  (282, -0.719802)  (301, -0.455593)  (320, -0.519835) 
row 282: (244, -0.392814)  (265, -0.685702)  (281, -0.719802)  (282, 3.62337)  (283, -0.721466)  (320, -0.769783)  (321, -0.334206) 
row 283: (216, -0.127788)  (265, -0.829504)  (282, -0.721466)  (283, 2.00108)  (321, -0.322515) 
row 284: (245, -0.382658)  (246, -0.468681)  (271, -0.619682)  (284, 3.45406)  (285, -0.573505)  (303, -0.537875)  (322, -0.389463)  (324, -0.482847) 
row 285: (246, -0.511733)  (247, -0.686734)  (267, -0.917421)  (284, -0.573505)  (285, 3.57175)  (302, -0.316271)  (322, -0.566711) 
row 286: (248, -1.08565)  (249, -0.0953802)  (268, -0.48941)  (286, 3.98607)  (304, -1.13518)  (326, -0.0953802)  (327, -1.08565) 
row 287: (226, -0.137443)  (269, -0.0953802)  (270, -0.818197)  (287, 3.93811)  (288, -1.14497)  (305, -0.166481)  (329, -0.409508)  (330, -1.1667) 
row 288: (226, -0.285075)  (271, -0.781404)  (287, -1.14497)  (288, 3.7872)  (303, -0.614749)  (325, -0.701177)  (329, -0.260274) 
row 289: (250, -0.046056)  (255, -0.421123)  (256, -0.934418)  (289, 3.58952)  (290, -0.769615)  (293, -0.45717)  (331, -0.489015)  (334, -0.47288) 
row 290: (250, -0.694087)  (251, -0.227531)  (253, -0.81266)  (289, -0.769615)  (290, 3.60168)  (306, -0.659466)  (331, -0.438907) 
row 291: (252, -1.31554)  (253, -1.45508)  (257, -0.235482)  (291, 4.4674)  (306, -0.0934249)  (307, -1.36827) 
row 292: (228, -0.285075)  (272, -0.781404)  (276, -1.14497)  (292, 3.7872)  (308, -0.614749)  (312, -0.701177)  (313, -0.260274) 
row 293: (254, -0.382137)  (255, -0.548145)  (272, -0.60206)  (289, -0.45717)  (293, 3.45121)  (308, -0.518412)  (333, -0.473304)  (334, -0.470672) 
row 294: (257, -0.788327)  (273, -0.558996)  (294, 3.73438)  (307, -0.861475)  (309, -0.978176)  (332, -0.547803) 
row 295: (231, -0.494881)  (258, -1.05842)  (273, -0.517781)  (295, 3.80303)  (297, -0.654625)  (310, -1.07783) 
row 296: (232, -0.341319)  (274, -1.32952)  (275, -1.05144)  (296, 4.08182)  (297, -0.297212)  (311, -1.06273) 
row 297: (258, -0.237164)  (274, -0.282837)  (295, -0.654625)  (296, -0.297212)  (297, 3.36474)  (310, -0.231075)  (311, -0.541317)  (346, -0.282837)  (347, -0.541317)  (363, -0.297212) 
row 298: (260, -1.08565)  (276, -0.192513)  (277, -0.342906)  (298, 3.98516)  (314, -1.08645)  (337, -0.192513)  (338, -1.08565) 
row 299: (261, -1.08565)  (262, -0.0953802)  (277, -0.48941)  (299, 3.98607)  (315, -1.13518)  (339, -1.08565)  (340, -0.0953802) 
row 300: (264, -0.845995)  (278, -0.695979)  (280, -0.566)  (300, 3.77411)  (317, -0.663345)  (319, -1.00308) 
row 301: (242, -0.658329)  (279, -0.921917)  (281, -0.455593)  (301, 3.70667)  (318, -0.796645)  (320, -0.87455) 
row 302: (266, -0.582867)  (267, -0.661524)  (285, -0.316271)  (302, 3.62247)  (322, -0.563226)  (323, -0.862667)  (341, -0.636419) 
row 303: (271, -0.868831)  (284, -0.537875)  (288, -0.614749)  (303, 3.70127)  (324, -0.916322)  (325, -0.763785) 
row 304: (249, -0.440499)  (286, -1.13518)  (304, 2.016)  (326, -0.440499) 
row 305: (268, -0.342906)  (269, -1.08565)  (287, -0.166481)  (305, 4.04806)  (328, -1.08565)  (330, -1.2014)  (343, -0.166481) 
row 306: (253, -0.210828)  (290, -0.659466)  (291, -0.0934249)  (306, 3.59766)  (307, -0.9105)  (331, -0.688552)  (332, -0.339126)  (344, -0.69648) 
row 307: (257, -0.48898)  (291, -1.36827)  (294, -0.861475)  (306, -0.9105)  (307, 3.96081)  (332, -0.332027) 
row 308: (272, -0.886146)  (292, -0.614749)  (293, -0.518412)  (308, 3.71085)  (312, -0.763785)  (333, -0.928047) 
row 309: (273, -0.559696)  (294, -0.978176)  (309, 3.74007)  (310, -0.791128)  (332, -0.52532)  (335, -0.886146) 
row 310: (273, -0.353881)  (295, -1.07783)  (297, -0.231075)  (309, -0.791128)  (310, 3.77817)  (335, -0.348649)  (346, -0.976129) 
row 311: (275, -0.0824208)  (296, -1.06273)  (297, -0.541317)  (311, 2.04172)  (347, -0.35548) 
row 312: (292, -0.701177)  (308, -0.763785)  (312, 3.71278)  (313, -0.325996)  (333, -0.416685)  (336, -1.03813)  (345, -0.283106)  (360, -0.184392) 
row 313: (276, -0.383477)  (292, -0.260274)  (312, -0.325996)  (313, 3.51162)  (314, -0.687262)  (336, -0.888019)  (337, -0.375275)  (348, -0.32096)  (365, -0.270921) 
row 314: (276, -1.1667)  (298, -1.08645)  (313, -0.687262)  (314, 4.10686)  (337, -1.1667) 
row 315: (262, -0.440499 - 0.00416667 i) (299, -1.13518)  (315, 2.016 - 0.0166667 i) (340, -0.440499 - 0.00416667 i)
row 316: (266, -0.198043)  (278, -0.689361)  (316, 3.859)  (317, -0.981725)  (323, -1.09187)  (342, -0.0987243)  (349, -0.799731) 
row 317: (278, -0.475758)  (300, -0.663345)  (316, -0.981725)  (317, 3.738)  (319, -0.43852)  (349, -0.144477)  (350, -1.03455) 
row 318: (279, -0.300888)  (280, -0.518977)  (301, -0.796645)  (318, 3.54788)  (319, -0.850709)  (320, -0.342521)  (351, -0.168523)  (352, -0.570286) 
row 319: (280, -0.167323)  (300, -1.00308)  (317, -0.43852)  (318, -0.850709)  (319, 3.78719)  (350, -0.346914)  (351, -0.981175) 
row 320: (281, -0.519835)  (282, -0.769783)  (301, -0.87455)  (318, -0.342521)  (320, 3.61354)  (321, -0.360589)  (352, -0.746768) 
row 321: (282, -0.334206)  (283, -0.322515)  (320, -0.360589)  (321, 1.83397)  (352, -0.512658)  (369, -0.304362) 
row 322: (284, -0.389463)  (285, -0.566711)  (302, -0.563226)  (322, 3.57534)  (324, -0.786983)  (341, -0.777814)  (353, -0.491733) 
row 323: (266, -0.514124)  (302, -0.862667)  (316, -1.09187)  (323, 3.82051)  (341, -0.859159)  (342, -0.49304) 
row 324: (284, -0.482847)  (303, -0.916322)  (322, -0.786983)  (324, 3.75194)  (325, -0.410656)  (353, -0.157001)  (354, -0.998629) 
row 325: (288, -0.701177)  (303, -0.763785)  (324, -0.410656)  (325, 3.70933)  (329, -0.325996)  (354, -0.193483)  (355, -1.03813)  (370, -0.276589) 
row 326: (286, -0.0953802)  (304, -0.440499)  (326, 1.98747)  (327, -0.166481)  (356, -1.1667)  (373, -0.118734) 
row 327: (268, -0.342906)  (286, -1.08565)  (326, -0.166481)  (327, 4.04806)  (328, -1.08565)  (356, -1.2014)  (357, -0.166481) 
row 328: (268, -0.48941)  (305, -1.08565)  (327, -1.08565)  (328, 3.98607)  (343, -0.0953802)  (357, -0.0953802)  (358, -1.13518) 
row 329: (287, -0.409508)  (288, -0.260274)  (325, -0.325996)  (329, 3.4925)  (330, -0.616278)  (343, -0.400668)  (355, -0.888019)  (371, -0.320548)  (375, -0.271774) 
row 330: (287, -1.1667)  (305, -1.2014)  (329, -0.616278)  (330, 4.15083)  (343, -1.1667) 
row 331: (289, -0.489015)  (290, -0.438907)  (306, -0.688552)  (331, 3.54867)  (334, -0.640629)  (344, -0.496181)  (359, -0.795962) 
row 332: (294, -0.547803)  (306, -0.339126)  (307, -0.332027)  (309, -0.52532)  (332, 3.38444)  (335, -0.276749)  (344, -0.466934)  (362, -0.326395)  (377, -0.570872) 
row 333: (293, -0.473304)  (308, -0.928047)  (312, -0.416685)  (333, 3.77279)  (334, -0.802333)  (360, -1.02428)  (361, -0.128645) 
row 334: (289, -0.47288)  (293, -0.470672)  (331, -0.640629)  (333, -0.802333)  (334, 3.56096)  (359, -0.653029)  (361, -0.522043) 
row 335: (309, -0.886146)  (310, -0.348649)  (332, -0.276749)  (335, 3.77496)  (346, -0.901937)  (362, -1.07865)  (364, -0.283375) 
row 336: (312, -1.03813)  (313, -0.888019)  (336, 4.01028)  (345, -1.04622)  (348, -1.03813) 
row 337: (298, -0.192513)  (313, -0.375275)  (314, -1.1667)  (337, 3.94888)  (338, -0.0953802)  (365, -1.16631)  (366, -0.81997)  (382, -0.133312) 
row 338: (277, -0.48941)  (298, -1.08565)  (337, -0.0953802)  (338, 3.98607)  (339, -1.08565)  (366, -1.13518)  (367, -0.0953802) 
row 339: (277, -0.342906)  (299, -1.08565)  (338, -1.08565)  (339, 4.04806)  (340, -0.166481)  (367, -0.166481)  (368, -1.2014) 
row 340: (299, -0.0953802)  (315, -0.440499 - 0.00416667 i) (339, -0.166481)  (340, 1.98747 - 0.0166667 i) (368, -1.1667)  (383, -0.118734 - 0.00416667 i)
row 341: (302, -0.636419)  (322, -0.777814)  (323, -0.859159)  (341, 3.70496)  (342, -0.714647)  (353, -0.717275) 
row 342: (316, -0.0987243)  (323, -0.49304)  (341, -0.714647)  (342, 3.6786)  (349, -0.844119)  (353, -0.330208)  (372, -0.958723)  (388, -0.239721) 
row 343: (305, -0.166481)  (328, -0.0953802)  (329, -0.400668)  (330, -1.1667)  (343, 3.94722)  (358, -0.816583)  (374, -0.136281)  (375, -1.1657) 
row 344: (306, -0.69648)  (331, -0.496181)  (332, -0.466934)  (344, 3.59525)  (359, -0.709367)  (376, -0.315111)  (377, -0.911715) 
row 345: (312, -0.283106)  (336, -1.04622)  (345, 3.8569)  (348, -0.276589)  (360, -0.960867)  (378, -0.973638)  (379, -0.316914) 
row 346: (297, -0.282837)  (310, -0.976129)  (335, -0.901937)  (346, 3.99644)  (363, -1.32952)  (364, -0.506468) 
row 347: (297, -0.541317)  (311, -0.35548)  (347, 2.04172)  (363, -1.06273)  (380, -0.0824208) 
row 348: (313, -0.32096)  (336, -1.03813)  (345, -0.276589)  (348, 3.70485)  (365, -0.677813)  (378, -0.193483)  (381, -0.765878)  (390, -0.432483) 
row 349: (316, -0.799731)  (317, -0.144477)  (342, -0.844119)  (349, 3.7139)  (350, -0.895934)  (372, -0.239217)  (384, -0.790844) 
row 350: (317, -1.03455)  (319, -0.346914)  (349, -0.895934)  (350, 3.95349)  (351, -0.175677)  (384, -0.215833)  (385, -1.28507) 
row 351: (318, -0.168523)  (319, -0.981175)  (350, -0.175677)  (351, 3.64986)  (352, -0.618487)  (385, -0.488304)  (386, -0.790376)  (394, -0.427903) 
row 352: (318, -0.570286)  (320, -0.746768)  (321, -0.512658)  (351, -0.618487)  (352, 3.54237)  (369, -0.615408)  (386, -0.479299) 
row 353: (322, -0.491733)  (324, -0.157001)  (341, -0.717275)  (342, -0.330208)  (353, 3.61914)  (354, -1.02611)  (387, -0.254084)  (388, -0.643384) 
row 354: (324, -0.998629)  (325, -0.193483)  (353, -1.02611)  (354, 3.87625)  (370, -0.973638)  (387, -0.684799) 
row 355: (325, -1.03813)  (329, -0.888019)  (355, 4.01028)  (370, -1.04622)  (371, -1.03813) 
row 356: (326, -1.1667)  (327, -1.2014)  (356, 4.15083)  (357, -1.1667)  (373, -0.616278) 
row 357: (327, -0.166481)  (328, -0.0953802)  (356, -1.1667)  (357, 3.94333)  (358, -0.819064)  (373, -0.408187)  (374, -0.133614)  (398, -1.15449) 
row 358: (328, -1.13518)  (343, -0.816583)  (357, -0.819064)  (358, 4.09572)  (374, -1.32523) 
row 359: (331, -0.795962)  (334, -0.653029)  (344, -0.709367)  (359, 3.6524)  (361, -0.787931)  (376, -0.706515) 
row 360: (312, -0.184392)  (333, -1.02428)  (345, -0.960867)  (360, 3.87486)  (361, -0.98299)  (379, -0.722744) 
row 361: (333, -0.128645)  (334, -0.522043)  (359, -0.787931)  (360, -0.98299)  (361, 3.61154)  (376, -0.286487)  (379, -0.289407)  (403, -0.614707) 
row 362: (332, -0.326395)  (335, -1.07865)  (362, 3.77954)  (364, -0.20089)  (377, -0.937417)  (391, -0.387644)  (392, -0.849086) 
row 363: (297, -0.297212)  (346, -1.32952)  (347, -1.06273)  (363, 4.08182)  (364, -0.341319)  (380, -1.05144) 
row 364: (335, -0.283375)  (346, -0.506468)  (362, -0.20089)  (363, -0.341319)  (364, 3.54186)  (380, -0.466747)  (392, -0.791261)  (404, -0.82367)  (405, -0.128838) 
row 365: (313, -0.270921)  (337, -1.16631)  (348, -0.677813)  (365, 3.82721)  (381, -0.635635)  (382, -0.245344)  (393, -0.831624) 
row 366: (337, -0.81997)  (338, -1.13518)  (366, 4.09169)  (367, -0.821089)  (382, -1.31579) 
row 367: (338, -0.0953802)  (339, -0.166481)  (366, -0.821089)  (367, 3.93708)  (368, -1.1667)  (382, -0.135197)  (383, -0.412684)  (406, -1.14013) 
row 368: (339, -1.2014)  (340, -1.1667)  (367, -1.1667)  (368, 4.15083)  (383, -0.616278) 
row 369: (321, -0.304362)  (352, -0.615408)  (369, 1.9933)  (386, -0.965275)  (395, -0.108459) 
row 370: (325, -0.276589)  (354, -0.973638)  (355, -1.04622)  (370, 3.8569)  (371, -0.283106)  (387, -0.316914)  (396, -0.960867) 
row 371: (329, -0.320548)  (355, -1.03813)  (370, -0.283106)  (371, 3.71057)  (375, -0.675897)  (389, -0.77383)  (396, -0.184392)  (400, -0.435156) 
row 372: (342, -0.958723)  (349, -0.239217)  (372, 3.84575)  (384, -0.931438)  (388, -0.784419)  (397, -0.932299) 
row 373: (326, -0.118734)  (356, -0.616278)  (357, -0.408187)  (373, 1.70066 - 0.00833333 i) (398, -0.261002)  (412, -0.296755 - 0.00416667 i)
row 374: (343, -0.136281)  (357, -0.133614)  (358, -1.32523)  (374, 3.71569)  (375, -0.246047)  (398, -0.269659)  (399, -0.571923)  (413, -0.540835)  (415, -0.492756) 
row 375: (329, -0.271774)  (343, -1.1657)  (371, -0.675897)  (374, -0.246047)  (375, 3.82488)  (389, -0.63386)  (399, -0.832032) 
row 376: (344, -0.315111)  (359, -0.706515)  (361, -0.286487)  (376, 3.52341)  (377, -0.752689)  (391, -0.214984)  (403, -0.541555)  (417, -0.706689) 
row 377: (332, -0.570872)  (344, -0.911715)  (362, -0.937417)  (376, -0.752689)  (377, 3.71091)  (391, -0.538663) 
row 378: (345, -0.973638)  (348, -0.193483)  (378, 3.87625)  (379, -0.684799)  (390, -0.998629)  (402, -1.02611) 
row 379: (345, -0.316914)  (360, -0.722744)  (361, -0.289407)  (378, -0.684799)  (379, 3.50764)  (402, -0.254084)  (403, -0.525342)  (419, -0.714972) 
row 380: (347, -0.0824208)  (363, -1.05144)  (364, -0.466747)  (380, 2.0728)  (405, -0.472441) 
row 381: (348, -0.765878)  (365, -0.635635)  (381, 3.67219)  (390, -0.786726)  (393, -0.834511)  (401, -0.649715) 
row 382: (337, -0.133312)  (365, -0.245344)  (366, -1.31579)  (367, -0.135197)  (382, 3.70558)  (393, -0.574511)  (406, -0.300241)  (407, -0.516062)  (420, -0.485783) 
row 383: (340, -0.118734 - 0.00416667 i) (367, -0.412684)  (368, -0.616278)  (383, 1.70196 - 0.0166667 i) (406, -0.255916)  (421, -0.298639 - 0.00416667 i)
row 384: (349, -0.790844)  (350, -0.215833)  (372, -0.931438)  (384, 3.58527)  (385, -0.30399)  (397, -0.176959)  (408, -0.552135)  (411, -0.614645) 
row 385: (350, -1.28507)  (351, -0.488304)  (384, -0.30399)  (385, 3.96276)  (394, -0.888693)  (408, -0.99707) 
row 386: (351, -0.790376)  (352, -0.479299)  (369, -0.965275)  (386, 3.71711)  (394, -0.870401)  (395, -0.612059) 
row 387: (353, -0.254084)  (354, -0.684799)  (370, -0.316914)  (387, 3.50764)  (388, -0.714972)  (396, -0.722744)  (409, -0.525342)  (410, -0.289407) 
row 388: (342, -0.239721)  (353, -0.643384)  (372, -0.784419)  (387, -0.714972)  (388, 3.6028)  (397, -0.490274)  (409, -0.730563) 
row 389: (371, -0.77383)  (375, -0.63386)  (389, 3.66591)  (399, -0.822827)  (400, -0.769343)  (414, -0.66632) 
row 390: (348, -0.432483)  (378, -0.998629)  (381, -0.786726)  (390, 3.73147)  (401, -0.544065)  (402, -0.157001)  (416, -0.813062) 
row 391: (362, -0.387644)  (376, -0.214984)  (377, -0.538663)  (391, 3.63541)  (392, -0.770061)  (417, -1.09015)  (418, -0.407506)  (429, -0.226967) 
row 392: (362, -0.849086)  (364, -0.791261)  (391, -0.770061)  (392, 3.74035)  (404, -0.443541)  (418, -0.886731) 
row 393: (365, -0.831624)  (381, -0.834511)  (382, -0.574511)  (393, 3.77914)  (401, -0.660873)  (407, -0.877936) 
row 394: (351, -0.427903)  (385, -0.888693)  (386, -0.870401)  (394, 3.65097)  (395, -0.382591)  (408, -0.251723)  (422, -0.830021) 
row 395: (369, -0.108459)  (386, -0.612059)  (394, -0.382591)  (395, 1.83757)  (422, -0.598941)  (436, -0.135759) 
row 396: (370, -0.960867)  (371, -0.184392)  (387, -0.722744)  (396, 3.87486)  (400, -1.02428)  (410, -0.98299) 
row 397: (372, -0.932299)  (384, -0.176959)  (388, -0.490274)  (397, 3.71919)  (409, -0.383566)  (411, -0.727159)  (423, -1.00938) 
row 398: (357, -1.15449)  (373, -0.261002)  (374, -0.269659)  (398, 3.79923)  (412, -0.695872)  (413, -0.798246)  (424, -0.620412) 
row 399: (374, -0.571923)  (375, -0.832032)  (389, -0.822827)  (399, 3.78721)  (414, -0.660586)  (415, -0.900164) 
row 400: (371, -0.435156)  (389, -0.769343)  (396, -1.02428)  (400, 3.74601)  (410, -0.128645)  (414, -0.574059)  (425, -0.815017) 
row 401: (381, -0.649715)  (390, -0.544065)  (393, -0.660873)  (401, 3.62852)  (407, -0.183803)  (416, -0.157999)  (426, -0.942126)  (432, -0.490498) 
row 402: (378, -1.02611)  (379, -0.254084)  (390, -0.157001)  (402, 3.61914)  (416, -0.491733)  (419, -0.643384)  (427, -0.717275)  (431, -0.330208) 
row 403: (361, -0.614707)  (376, -0.541555)  (379, -0.525342)  (403, 3.54587)  (417, -0.75066)  (419, -0.730563)  (428, -0.383566) 
row 404: (364, -0.82367)  (392, -0.443541)  (404, 3.75865)  (405, -0.895919)  (418, -0.769124)  (430, -0.826737) 
row 405: (364, -0.128838)  (380, -0.472441)  (404, -0.895919)  (405, 2.01244)  (430, -0.133895)  (446, -0.381705) 
row 406: (367, -1.14013)  (382, -0.300241)  (383, -0.255916)  (406, 3.78117)  (420, -0.741441)  (421, -0.712249)  (433, -0.631651) 
row 407: (382, -0.516062)  (393, -0.877936)  (401, -0.183803)  (407, 3.7689)  (420, -0.969393)  (432, -1.01634)  (434, -0.205822) 
row 408: (384, -0.552135)  (385, -0.99707)  (394, -0.251723)  (408, 3.64633)  (411, -0.502465)  (422, -0.711323)  (435, -0.632088) 
row 409: (387, -0.525342)  (388, -0.730563)  (397, -0.383566)  (409, 3.54587)  (410, -0.614707)  (423, -0.75066)  (437, -0.541555) 
row 410: (387, -0.289407)  (396, -0.98299)  (400, -0.128645)  (409, -0.614707)  (410, 3.61154)  (425, -0.522043)  (437, -0.286487)  (450, -0.787931) 
row 411: (384, -0.614645)  (397, -0.727159)  (408, -0.502465)  (411, 3.66314)  (423, -0.286977)  (435, -0.152918)  (438, -0.226967)  (449, -1.15264) 
row 412: (373, -0.296755 - 0.00416667 i) (398, -0.695872)  (412, 1.82032 - 0.0166667 i) (424, -0.747736)  (440, -0.0801598 - 0.00416667 i)
row 413: (374, -0.540835)  (398, -0.798246)  (413, 3.7769)  (415, -0.947703)  (424, -0.828338)  (439, -0.662101) 
row 414: (389, -0.66632)  (399, -0.660586)  (400, -0.574059)  (414, 3.61247)  (415, -0.21366)  (425, -0.209145)  (441, -0.388954)  (442, -0.900317) 
row 415: (374, -0.492756)  (399, -0.900164)  (413, -0.947703)  (414, -0.21366)  (415, 3.76441)  (439, -0.211979)  (441, -0.998615) 
row 416: (390, -0.813062)  (401, -0.157999)  (402, -0.491733)  (416, 3.52447)  (426, -0.498693)  (427, -0.777814)  (443, -0.460792)  (444, -0.32498) 
row 417: (376, -0.706689)  (391, -1.09015)  (403, -0.75066)  (417, 3.84347)  (428, -1.00938)  (429, -0.286977) 
row 418: (391, -0.407506)  (392, -0.886731)  (404, -0.769124)  (418, 3.84958)  (429, -1.15264)  (430, -0.633906) 
row 419: (379, -0.714972)  (402, -0.643384)  (403, -0.730563)  (419, 3.6028)  (428, -0.490274)  (431, -0.239721)  (445, -0.784419) 
row 420: (382, -0.485783)  (406, -0.741441)  (407, -0.969393)  (420, 3.82728)  (433, -1.03267)  (434, -0.598343) 
row 421: (383, -0.298639 - 0.00416667 i) (406, -0.712249)  (421, 1.81546 - 0.0166667 i) (433, -0.71879)  (447, -0.0859865 - 0.00416667 i)
row 422: (394, -0.830021)  (395, -0.598941)  (408, -0.711323)  (422, 3.65839)  (435, -0.662749)  (436, -0.855661) 
row 423: (397, -1.00938)  (409, -0.75066)  (411, -0.286977)  (423, 3.84347)  (437, -0.706689)  (438, -1.09015) 
row 424: (398, -0.620412)  (412, -0.747736)  (413, -0.828338)  (424, 3.67982)  (439, -0.613291)  (440, -0.870328) 
row 425: (400, -0.815017)  (410, -0.522043)  (414, -0.209145)  (425, 3.59899)  (442, -0.266366)  (450, -0.653029)  (451, -0.258192)  (452, -0.875789) 
row 426: (401, -0.942126)  (416, -0.498693)  (426, 3.66286)  (432, -0.401589)  (443, -0.976795)  (448, -0.559057)  (453, -0.285092) 
row 427: (402, -0.717275)  (416, -0.777814)  (427, 3.70496)  (431, -0.714647)  (444, -0.636419)  (454, -0.859159) 
row 428: (403, -0.383566)  (417, -1.00938)  (419, -0.490274)  (428, 3.71919)  (429, -0.727159)  (445, -0.932299)  (455, -0.176959) 
row 429: (391, -0.226967)  (417, -0.286977)  (418, -1.15264)  (428, -0.727159)  (429, 3.66314)  (430, -0.152918)  (455, -0.614645)  (456, -0.502465) 
row 430: (404, -0.826737)  (405, -0.133895)  (418, -0.633906)  (429, -0.152918)  (430, 3.65333)  (446, -0.611574)  (456, -0.632088)  (458, -0.662749) 
row 431: (402, -0.330208)  (419, -0.239721)  (427, -0.714647)  (431, 3.6786)  (445, -0.958723)  (454, -0.49304)  (457, -0.844119)  (471, -0.0987243) 
row 432: (401, -0.490498)  (407, -1.01634)  (426, -0.401589)  (432, 3.84559)  (434, -0.774492)  (448, -1.16306) 
row 433: (406, -0.631651)  (420, -1.03267)  (421, -0.71879)  (433, 3.82285)  (434, -0.408088)  (447, -1.03197) 
row 434: (407, -0.205822)  (420, -0.598343)  (432, -0.774492)  (433, -0.408088)  (434, 3.48039)  (447, -0.340982)  (448, -0.1165)  (474, -0.604069)  (475, -0.432812) 
row 435: (408, -0.632088)  (411, -0.152918)  (422, -0.662749)  (435, 3.65333)  (436, -0.611574)  (449, -0.633906)  (459, -0.826737)  (460, -0.133895) 
row 436: (395, -0.135759)  (422, -0.855661)  (435, -0.611574)  (436, 1.98449)  (460, -0.381705) 
row 437: (409, -0.541555)  (410, -0.286487)  (423, -0.706689)  (437, 3.52341)  (438, -0.214984)  (450, -0.706515)  (462, -0.315111)  (463, -0.752689) 
row 438: (411, -0.226967)  (423, -1.09015)  (437, -0.214984)  (438, 3.63541)  (449, -0.407506)  (461, -0.770061)  (463, -0.538663)  (477, -0.387644) 
row 439: (413, -0.662101)  (415, -0.211979)  (424, -0.613291)  (439, 3.52341)  (440, -0.490594)  (441, -0.553028)  (464, -0.301901)  (465, -0.691126) 
row 440: (412, -0.0801598 - 0.00416667 i) (424, -0.870328)  (439, -0.490594)  (440, 1.85621 - 0.0166667 i) (464, -0.415354 - 0.00416667 i)
row 441: (414, -0.388954)  (415, -0.998615)  (439, -0.553028)  (441, 3.717)  (442, -0.491093)  (465, -0.249351)  (467, -1.03648) 
row 442: (414, -0.900317)  (425, -0.266366)  (441, -0.491093)  (442, 3.74261)  (452, -1.15534)  (467, -0.529608)  (468, -0.400367) 
row 443: (416, -0.460792)  (426, -0.976795)  (443, 3.76169)  (444, -0.886703)  (453, -0.66863)  (469, -0.769125) 
row 444: (416, -0.32498)  (427, -0.636419)  (443, -0.886703)  (444, 3.68136)  (454, -0.862667)  (469, -0.702061)  (470, -0.268905) 
row 445: (419, -0.784419)  (428, -0.932299)  (431, -0.958723)  (445, 3.84575)  (455, -0.931438)  (457, -0.239217) 
row 446: (405, -0.381705)  (430, -0.611574)  (446, 1.98449)  (458, -0.855661)  (472, -0.135759) 
row 447: (421, -0.0859865 - 0.00416667 i) (433, -1.03197)  (434, -0.340982)  (447, 1.92381 - 0.0166667 i) (475, -0.465141 - 0.00416667 i)
row 448: (426, -0.559057)  (432, -1.16306)  (434, -0.1165)  (448, 4.06097)  (453, -0.994814)  (474, -1.22793) 
row 449: (411, -1.15264)  (435, -0.633906)  (438, -0.407506)  (449, 3.84958)  (459, -0.769124)  (461, -0.886731) 
row 450: (410, -0.787931)  (425, -0.653029)  (437, -0.706515)  (450, 3.6524)  (451, -0.795962)  (462, -0.709367) 
row 451: (425, -0.258192)  (450, -0.795962)  (451, 3.63232)  (452, -0.775825)  (462, -0.496181)  (466, -0.820579)  (478, -0.485995) 
row 452: (425, -0.875789)  (442, -1.15534)  (451, -0.775825)  (452, 3.9124)  (466, -0.879714)  (468, -0.226045) 
row 453: (426, -0.285092)  (443, -0.66863)  (448, -0.994814)  (453, 3.76718)  (469, -0.249736)  (474, -0.101366)  (479, -0.360272)  (483, -1.10784) 
row 454: (427, -0.859159)  (431, -0.49304)  (444, -0.862667)  (454, 3.82051)  (470, -0.514124)  (471, -1.09187) 
row 455: (428, -0.176959)  (429, -0.614645)  (445, -0.931438)  (455, 3.58527)  (456, -0.552135)  (457, -0.790844)  (480, -0.30399)  (482, -0.215833) 
row 456: (429, -0.502465)  (430, -0.632088)  (455, -0.552135)  (456, 3.64633)  (458, -0.711323)  (473, -0.251723)  (480, -0.99707) 
row 457: (431, -0.844119)  (445, -0.239217)  (455, -0.790844)  (457, 3.7139)  (471, -0.799731)  (481, -0.144477)  (482, -0.895934) 
row 458: (430, -0.662749)  (446, -0.855661)  (456, -0.711323)  (458, 3.65839)  (472, -0.598941)  (473, -0.830021) 
row 459: (435, -0.826737)  (449, -0.769124)  (459, 3.75865)  (460, -0.895919)  (461, -0.443541)  (476, -0.82367) 
row 460: (435, -0.133895)  (436, -0.381705)  (459, -0.895919)  (460, 2.01244)  (476, -0.128838)  (496, -0.472441) 
row 461: (438, -0.770061)  (449, -0.886731)  (459, -0.443541)  (461, 3.74035)  (476, -0.791261)  (477, -0.849086) 
row 462: (437, -0.315111)  (450, -0.709367)  (451, -0.496181)  (462, 3.59525)  (463, -0.911715)  (478, -0.69648)  (484, -0.466934) 
row 463: (437, -0.752689)  (438, -0.538663)  (462, -0.911715)  (463, 3.71091)  (477, -0.937417)  (484, -0.570872) 
row 464: (439, -0.301901)  (440, -0.415354 - 0.00416667 i) (464, 1.72342 - 0.0166667 i) (465, -0.460321)  (485, -0.238987)  (487, -0.307247 - 0.00416667 i)
row 465: (439, -0.691126)  (441, -0.249351)  (464, -0.460321)  (465, 3.9876)  (467, -1.12679)  (485, -1.30791)  (486, -0.152639) 
row 466: (451, -0.820579)  (452, -0.879714)  (466, 3.7718)  (468, -0.644437)  (478, -0.475188)  (488, -0.952226) 
row 467: (441, -1.03648)  (442, -0.529608)  (465, -1.12679)  (467, 4.00243)  (468, -1.11821)  (486, -0.191771) 
row 468: (442, -0.400367)  (452, -0.226045)  (466, -0.644437)  (467, -1.11821)  (468, 3.65158)  (486, -0.193006)  (488, -0.362195)  (501, -0.707914) 
row 469: (443, -0.769125)  (444, -0.702061)  (453, -0.249736)  (469, 3.68212)  (470, -0.835615)  (479, -0.850743)  (489, -0.275237) 
row 470: (444, -0.268905)  (454, -0.514124)  (469, -0.835615)  (470, 3.58567)  (471, -0.198043)  (489, -0.928859)  (490, -0.534387)  (504, -0.306242) 
row 471: (431, -0.0987243)  (454, -1.09187)  (457, -0.799731)  (470, -0.198043)  (471, 3.859)  (481, -0.981725)  (490, -0.689361) 
row 472: (446, -0.135759)  (458, -0.598941)  (472, 1.83757)  (473, -0.382591)  (491, -0.612059)  (502, -0.108459) 
row 473: (456, -0.251723)  (458, -0.830021)  (472, -0.382591)  (473, 3.65097)  (480, -0.888693)  (491, -0.870401)  (492, -0.427903) 
row 474: (434, -0.604069)  (448, -1.22793)  (453, -0.101366)  (474, 4.09229)  (475, -0.360691)  (483, -0.192826)  (493, -1.45422)  (495, -0.151864) 
row 475: (434, -0.432812)  (447, -0.465141 - 0.00416667 i) (474, -0.360691)  (475, 1.78736 - 0.0166667 i) (493, -0.0934249)  (494, -0.435725 - 0.00416667 i)
row 476: (459, -0.82367)  (460, -0.128838)  (461, -0.791261)  (476, 3.54186)  (477, -0.20089)  (496, -0.466747)  (497, -0.283375)  (509, -0.341319)  (510, -0.506468) 
row 477: (438, -0.387644)  (461, -0.849086)  (463, -0.937417)  (476, -0.20089)  (477, 3.77954)  (484, -0.326395)  (497, -1.07865) 
row 478: (451, -0.485995)  (462, -0.69648)  (466, -0.475188)  (478, 3.58259)  (484, -0.339126)  (488, -0.167662)  (498, -0.534383)  (499, -0.884361) 
row 479: (453, -0.360272)  (469, -0.850743)  (479, 3.61625)  (483, -0.620332)  (489, -0.777563)  (503, -0.657887)  (505, -0.349899) 
row 480: (455, -0.30399)  (456, -0.99707)  (473, -0.888693)  (480, 3.96276)  (482, -1.28507)  (492, -0.488304) 
row 481: (457, -0.144477)  (471, -0.981725)  (481, 3.738)  (482, -1.03455)  (490, -0.475758)  (506, -0.663345)  (507, -0.43852) 
row 482: (455, -0.215833)  (457, -0.895934)  (480, -1.28507)  (481, -1.03455)  (482, 3.95349)  (492, -0.175677)  (507, -0.346914) 
row 483: (453, -1.10784)  (474, -0.192826)  (479, -0.620332)  (483, 3.97391)  (495, -1.09371)  (503, -0.959607) 
row 484: (462, -0.466934)  (463, -0.570872)  (477, -0.326395)  (478, -0.339126)  (484, 3.38444)  (497, -0.276749)  (498, -0.332027)  (511, -0.52532)  (523, -0.547803) 
row 485: (464, -0.238987)  (465, -1.30791)  (485, 4.4624)  (486, -1.4542)  (487, -1.36827)  (500, -0.0934249) 
row 486: (465, -0.152639)  (467, -0.191771)  (468, -0.193006)  (485, -1.4542)  (486, 4.0908)  (500, -0.17882)  (501, -1.0709)  (515, -0.85008) 
row 487: (464, -0.307247 - 0.00416667 i) (485, -1.36827)  (487, 2.11109 - 0.0166667 i) (500, -0.435725 - 0.00416667 i)
row 488: (466, -0.952226)  (468, -0.362195)  (478, -0.167662)  (488, 3.62281)  (499, -0.922553)  (501, -0.585419)  (513, -0.349899)  (514, -0.2834) 
row 489: (469, -0.275237)  (470, -0.928859)  (479, -0.777563)  (489, 3.78826)  (504, -0.884361)  (505, -0.922553) 
row 490: (470, -0.534387)  (471, -0.689361)  (481, -0.475758)  (490, 3.55508)  (504, -0.628515)  (506, -0.695979)  (517, -0.531463) 
row 491: (472, -0.612059)  (473, -0.870401)  (491, 3.71711)  (492, -0.790376)  (502, -0.965275)  (516, -0.479299) 
row 492: (473, -0.427903)  (480, -0.488304)  (482, -0.175677)  (491, -0.790376)  (492, 3.64986)  (507, -0.981175)  (516, -0.618487)  (529, -0.168523) 
row 493: (474, -1.45422)  (475, -0.0934249)  (493, 4.46842)  (494, -1.36827)  (495, -1.31812)  (508, -0.234777) 
row 494: (475, -0.435725 - 0.00416667 i) (493, -1.36827)  (494, 2.11109 - 0.0166667 i) (508, -0.307247 - 0.00416667 i)
row 495: (474, -0.151864)  (483, -1.09371)  (493, -1.31812)  (495, 4.00838)  (503, -0.20628)  (508, -0.404073)  (518, -0.834836) 
row 496: (460, -0.472441)  (476, -0.466747)  (496, 2.0728)  (509, -1.05144)  (519, -0.0824208) 
row 497: (476, -0.283375)  (477, -1.07865)  (484, -0.276749)  (497, 3.77496)  (510, -0.901937)  (511, -0.886146)  (521, -0.348649) 
row 498: (478, -0.534383)  (484, -0.332027)  (498, 3.74257)  (499, -0.928944)  (512, -0.835389)  (522, -0.25081)  (523, -0.861475) 
row 499: (478, -0.884361)  (488, -0.922553)  (498, -0.928944)  (499, 3.7883)  (512, -0.275158)  (513, -0.777595) 
row 500: (485, -0.0934249)  (486, -0.17882)  (487, -0.435725 - 0.00416667 i) (500, 1.80822 - 0.0166667 i) (515, -0.708086)  (533, -0.392547 - 0.00416667 i)
row 501: (468, -0.707914)  (486, -1.0709)  (488, -0.585419)  (501, 3.88135)  (514, -1.18627)  (515, -0.33124) 
row 502: (472, -0.108459)  (491, -0.965275)  (502, 1.9933)  (516, -0.615408)  (524, -0.304362) 
row 503: (479, -0.657887)  (483, -0.959607)  (495, -0.20628)  (503, 3.80945)  (505, -0.2834)  (518, -0.516456)  (525, -1.18627) 
row 504: (470, -0.306242)  (489, -0.884361)  (490, -0.628515)  (504, 3.58929)  (505, -0.167662)  (517, -0.816192)  (526, -0.475188)  (528, -0.311602) 
row 505: (479, -0.349899)  (489, -0.922553)  (503, -0.2834)  (504, -0.167662)  (505, 3.62281)  (525, -0.585419)  (526, -0.952226)  (539, -0.362195) 
row 506: (481, -0.663345)  (490, -0.695979)  (506, 3.77411)  (507, -1.00308)  (517, -0.845995)  (527, -0.566) 
row 507: (481, -0.43852)  (482, -0.346914)  (492, -0.981175)  (506, -1.00308)  (507, 3.78719)  (527, -0.167323)  (529, -0.850709) 
row 508: (493, -0.234777)  (494, -0.307247 - 0.00416667 i) (495, -0.404073)  (508, 1.70588 - 0.0166667 i) (518, -0.367606)  (542, -0.392547 - 0.00416667 i)
row 509: (476, -0.341319)  (496, -1.05144)  (509, 4.08182)  (510, -1.32952)  (519, -1.06273)  (520, -0.297212) 
row 510: (476, -0.506468)  (497, -0.901937)  (509, -1.32952)  (510, 3.99644)  (520, -0.282837)  (521, -0.976129) 
row 511: (484, -0.52532)  (497, -0.886146)  (511, 3.74007)  (521, -0.791128)  (523, -0.978176)  (531, -0.559696) 
row 512: (498, -0.835389)  (499, -0.275158)  (512, 3.68139)  (513, -0.850797)  (522, -0.703703)  (530, -0.766873)  (532, -0.249864) 
row 513: (488, -0.349899)  (499, -0.777595)  (512, -0.850797)  (513, 3.61626)  (514, -0.657887)  (532, -0.360195)  (534, -0.620332) 
row 514: (488, -0.2834)  (501, -1.18627)  (513, -0.657887)  (514, 3.80945)  (515, -0.516456)  (534, -0.959607)  (535, -0.20628) 
row 515: (486, -0.85008)  (500, -0.708086)  (501, -0.33124)  (514, -0.516456)  (515, 3.60776)  (533, -0.367606)  (535, -0.834836) 
row 516: (491, -0.479299)  (492, -0.618487)  (502, -0.615408)  (516, 3.54237)  (524, -0.512658)  (529, -0.570286)  (536, -0.746768) 
row 517: (490, -0.531463)  (504, -0.816192)  (506, -0.845995)  (517, 3.69329)  (527, -0.80973)  (528, -0.690196) 
row 518: (495, -0.834836)  (503, -0.516456)  (508, -0.367606)  (518, 3.60776)  (525, -0.33124)  (541, -0.85008)  (542, -0.708086) 
row 519: (496, -0.0824208)  (509, -1.06273)  (519, 2.04172)  (520, -0.541317)  (543, -0.35548) 
row 520: (509, -0.297212)  (510, -0.282837)  (519, -0.541317)  (520, 3.36474)  (521, -0.231075)  (543, -0.541317)  (544, -0.654625)  (553, -0.297212)  (554, -0.237164)  (571, -0.282837) 
row 521: (497, -0.348649)  (510, -0.976129)  (511, -0.791128)  (520, -0.231075)  (521, 3.77817)  (531, -0.353881)  (544, -1.07783) 
row 522: (498, -0.25081)  (512, -0.703703)  (522, 3.64311)  (523, -0.788327)  (530, -0.883092)  (531, -0.421126)  (545, -0.5965) 
row 523: (484, -0.547803)  (498, -0.861475)  (511, -0.978176)  (522, -0.788327)  (523, 3.73438)  (531, -0.558996) 
row 524: (502, -0.304362)  (516, -0.512658)  (524, 1.83397)  (536, -0.360589)  (537, -0.334206)  (538, -0.322515) 
row 525: (503, -1.18627)  (505, -0.585419)  (518, -0.33124)  (525, 3.88135)  (539, -0.707914)  (541, -1.0709) 
row 526: (504, -0.475188)  (505, -0.952226)  (526, 3.75198)  (528, -0.881203)  (539, -0.677584)  (540, -0.766131) 
row 527: (506, -0.566)  (507, -0.167323)  (517, -0.80973)  (527, 3.69098)  (528, -0.550435)  (529, -0.518977)  (548, -0.139746)  (549, -0.939407) 
row 528: (504, -0.311602)  (517, -0.690196)  (526, -0.881203)  (527, -0.550435)  (528, 3.69521)  (540, -0.704409)  (548, -0.557782) 
row 529: (492, -0.168523)  (507, -0.850709)  (516, -0.570286)  (527, -0.518977)  (529, 3.54788)  (536, -0.342521)  (549, -0.300888)  (550, -0.796645) 
row 530: (512, -0.766873)  (522, -0.883092)  (530, 3.75485)  (532, -0.675176)  (545, -0.4704)  (551, -0.959658) 
row 531: (511, -0.559696)  (521, -0.353881)  (522, -0.421126)  (523, -0.558996)  (531, 3.41722)  (544, -0.517781)  (545, -0.477728)  (555, -0.528696) 
row 532: (512, -0.249864)  (513, -0.360195)  (530, -0.675176)  (532, 3.69534)  (534, -1.10784)  (551, -0.300207)  (556, -0.17386)  (568, -0.828788) 
row 533: (500, -0.392547 - 0.00416667 i) (515, -0.367606)  (533, 1.70588 - 0.0166667 i) (535, -0.404073)  (557, -0.234777)  (558, -0.307247 - 0.00416667 i)
row 534: (513, -0.620332)  (514, -0.959607)  (532, -1.10784)  (534, 3.97391)  (535, -1.09371)  (556, -0.192826) 
row 535: (514, -0.20628)  (515, -0.834836)  (533, -0.404073)  (534, -1.09371)  (535, 4.00838)  (556, -0.151864)  (557, -1.31812) 
row 536: (516, -0.746768)  (524, -0.360589)  (529, -0.342521)  (536, 3.61354)  (537, -0.769783)  (550, -0.87455)  (559, -0.519835) 
row 537: (524, -0.334206)  (536, -0.769783)  (537, 3.62337)  (538, -0.721466)  (546, -0.685702)  (559, -0.719802)  (560, -0.392814) 
row 538: (524, -0.322515)  (537, -0.721466)  (538, 2.00108)  (546, -0.829504)  (547, -0.127788) 
row 539: (505, -0.362195)  (525, -0.707914)  (526, -0.677584)  (539, 3.65783)  (540, -0.249734)  (541, -0.193006)  (562, -1.10784)  (563, -0.360152) 
row 540: (526, -0.766131)  (528, -0.704409)  (539, -0.249734)  (540, 3.68113)  (548, -0.835274)  (563, -0.850845)  (565, -0.275132) 
row 541: (518, -0.85008)  (525, -1.0709)  (539, -0.193006)  (541, 4.0911)  (542, -0.17882)  (562, -0.192826)  (566, -1.45422)  (576, -0.151864) 
row 542: (508, -0.392547 - 0.00416667 i) (518, -0.708086)  (541, -0.17882)  (542, 1.80822 - 0.0166667 i) (566, -0.0934249)  (567, -0.435725 - 0.00416667 i)
row 543: (519, -0.35548)  (520, -0.541317)  (543, 2.04172)  (552, -0.0824208)  (553, -1.06273) 
row 544: (520, -0.654625)  (521, -1.07783)  (531, -0.517781)  (544, 3.80303)  (554, -1.05842)  (555, -0.494881) 
row 545: (522, -0.5965)  (530, -0.4704)  (531, -0.477728)  (545, 3.54621)  (551, -0.174287)  (555, -0.491523)  (569, -0.8828)  (582, -0.453584) 
row 546: (537, -0.685702)  (538, -0.829504)  (546, 3.68046)  (547, -0.561178)  (560, -0.869091)  (561, -0.735251) 
row 547: (538, -0.127788)  (546, -0.561178)  (547, 1.83364)  (561, -0.386898)  (574, -0.62898)  (575, -0.129037) 
row 548: (527, -0.139746)  (528, -0.557782)  (540, -0.835274)  (548, 3.66708)  (549, -0.361611)  (565, -0.928977)  (577, -0.567975)  (578, -0.276285) 
row 549: (527, -0.939407)  (529, -0.300888)  (548, -0.361611)  (549, 3.76623)  (550, -0.921917)  (564, -0.26354)  (577, -0.979419) 
row 550: (529, -0.796645)  (536, -0.87455)  (549, -0.921917)  (550, 3.70667)  (559, -0.455593)  (564, -0.658329) 
row 551: (530, -0.959658)  (532, -0.300207)  (545, -0.174287)  (551, 3.62219)  (568, -0.553438)  (569, -0.908689)  (581, -0.499933)  (583, -0.226481) 
row 552: (543, -0.0824208)  (552, 2.0728)  (553, -1.05144)  (570, -0.466747)  (572, -0.472441) 
row 553: (520, -0.297212)  (543, -1.06273)  (552, -1.05144)  (553, 4.08182)  (570, -0.341319)  (571, -1.32952) 
row 554: (520, -0.237164)  (544, -1.05842)  (554, 3.77166)  (555, -0.352)  (571, -0.976129)  (584, -0.348649)  (586, -0.799833) 
row 555: (531, -0.528696)  (544, -0.494881)  (545, -0.491523)  (554, -0.352)  (555, 3.41584)  (582, -0.431959)  (586, -0.554851)  (596, -0.562615) 
row 556: (532, -0.17386)  (534, -0.192826)  (535, -0.151864)  (556, 4.01044)  (557, -1.45422)  (568, -1.0018)  (573, -0.34085)  (587, -0.695685) 
row 557: (533, -0.234777)  (535, -1.31812)  (556, -1.45422)  (557, 4.46842)  (558, -1.36827)  (573, -0.0934249) 
row 558: (533, -0.307247 - 0.00416667 i) (557, -1.36827)  (558, 2.11109 - 0.0166667 i) (573, -0.435725 - 0.00416667 i)
row 559: (536, -0.519835)  (537, -0.719802)  (550, -0.455593)  (559, 3.53462)  (560, -0.63808)  (564, -0.779586)  (589, -0.422167) 
row 560: (537, -0.392814)  (546, -0.869091)  (559, -0.63808)  (560, 3.58967)  (561, -0.54584)  (589, -0.73352)  (590, -0.410707) 
row 561: (546, -0.735251)  (547, -0.386898)  (560, -0.54584)  (561, 3.60542)  (574, -0.850814)  (588, -0.284429)  (590, -0.802534) 
row 562: (539, -1.10784)  (541, -0.192826)  (562, 3.97391)  (563, -0.620332)  (576, -1.09371)  (591, -0.959607) 
row 563: (539, -0.360152)  (540, -0.850845)  (562, -0.620332)  (563, 3.61627)  (565, -0.7776)  (591, -0.657887)  (592, -0.349899) 
row 564: (549, -0.26354)  (550, -0.658329)  (559, -0.779586)  (564, 3.46273)  (577, -0.524276)  (589, -0.37158)  (593, -0.464037)  (598, -0.401963) 
row 565: (540, -0.275132)  (548, -0.928977)  (563, -0.7776)  (565, 3.78831)  (578, -0.884361)  (592, -0.922553) 
row 566: (541, -1.45422)  (542, -0.0934249)  (566, 4.46842)  (567, -1.36827)  (576, -1.31812)  (579, -0.234777) 
row 567: (542, -0.435725 - 0.00416667 i) (566, -1.36827)  (567, 2.11109 - 0.0166667 i) (579, -0.307247 - 0.00416667 i)
row 568: (532, -0.828788)  (551, -0.553438)  (556, -1.0018)  (568, 3.84287)  (581, -1.09314)  (587, -0.366083) 
row 569: (545, -0.8828)  (551, -0.908689)  (569, 3.79957)  (582, -0.930889)  (583, -0.827644)  (594, -0.249848) 
row 570: (552, -0.466747)  (553, -0.341319)  (570, 3.54174)  (571, -0.506468)  (572, -0.128907)  (584, -0.283375)  (585, -0.823301)  (595, -0.791422)  (605, -0.200906) 
row 571: (520, -0.282837)  (553, -1.32952)  (554, -0.976129)  (570, -0.506468)  (571, 3.99644)  (584, -0.901937) 
row 572: (552, -0.472441)  (570, -0.128907)  (572, 2.01289)  (575, -0.381983)  (580, -0.133064)  (585, -0.896852) 
row 573: (556, -0.34085)  (557, -0.0934249)  (558, -0.435725 - 0.00416667 i) (573, 1.80239 - 0.0166667 i) (587, -0.420612)  (606, -0.512211 - 0.00416667 i)
row 574: (547, -0.62898)  (561, -0.850814)  (574, 3.65899)  (575, -0.845827)  (580, -0.63826)  (588, -0.695415) 
row 575: (547, -0.129037)  (572, -0.381983)  (574, -0.845827)  (575, 1.98187)  (580, -0.625233) 
row 576: (541, -0.151864)  (562, -1.09371)  (566, -1.31812)  (576, 4.00838)  (579, -0.404073)  (591, -0.20628)  (597, -0.834836) 
row 577: (548, -0.567975)  (549, -0.979419)  (564, -0.524276)  (577, 3.74176)  (578, -0.807837)  (593, -0.862633) 
row 578: (548, -0.276285)  (565, -0.884361)  (577, -0.807837)  (578, 3.56747)  (592, -0.167662)  (593, -0.558697)  (599, -0.475188)  (611, -0.397929) 
row 579: (566, -0.234777)  (567, -0.307247 - 0.00416667 i) (576, -0.404073)  (579, 1.70588 - 0.0166667 i) (597, -0.367606)  (615, -0.392547 - 0.00416667 i)
row 580: (572, -0.133064)  (574, -0.63826)  (575, -0.625233)  (580, 3.64653)  (585, -0.824415)  (588, -0.63731)  (600, -0.632185)  (608, -0.156598) 
row 581: (551, -0.499933)  (568, -1.09314)  (581, 3.79928)  (583, -0.713213)  (587, -0.508205)  (601, -0.985109) 
row 582: (545, -0.453584)  (555, -0.431959)  (569, -0.930889)  (582, 3.69522)  (594, -0.862465)  (596, -0.782969)  (602, -0.233784) 
row 583: (551, -0.226481)  (569, -0.827644)  (581, -0.713213)  (583, 3.6579)  (594, -0.854849)  (601, -0.650504)  (603, -0.385631) 
row 584: (554, -0.348649)  (570, -0.283375)  (571, -0.901937)  (584, 3.77496)  (586, -0.886146)  (604, -0.276749)  (605, -1.07865) 
row 585: (570, -0.823301)  (572, -0.896852)  (580, -0.824415)  (585, 3.75857)  (595, -0.443327)  (600, -0.771016) 
row 586: (554, -0.799833)  (555, -0.554851)  (584, -0.886146)  (586, 3.74216)  (596, -0.975324)  (604, -0.526399) 
row 587: (556, -0.695685)  (568, -0.366083)  (573, -0.420612)  (581, -0.508205)  (587, 3.48361)  (601, -0.390686)  (606, -0.420612)  (617, -0.682413) 
row 588: (561, -0.284429)  (574, -0.695415)  (580, -0.63731)  (588, 3.61905)  (590, -0.945786)  (607, -0.55595)  (608, -0.500644) 
row 589: (559, -0.422167)  (560, -0.73352)  (564, -0.37158)  (589, 3.4802)  (590, -0.283557)  (598, -0.667686)  (609, -0.66509)  (612, -0.337153) 
row 590: (560, -0.410707)  (561, -0.802534)  (588, -0.945786)  (589, -0.283557)  (590, 3.76959)  (607, -0.251907)  (609, -1.07554) 
row 591: (562, -0.959607)  (563, -0.657887)  (576, -0.20628)  (591, 3.80945)  (592, -0.2834)  (597, -0.516456)  (610, -1.18627) 
row 592: (563, -0.349899)  (565, -0.922553)  (578, -0.167662)  (591, -0.2834)  (592, 3.62281)  (599, -0.952226)  (610, -0.585419)  (614, -0.362195) 
row 593: (564, -0.464037)  (577, -0.862633)  (578, -0.558697)  (593, 3.62981)  (598, -0.912693)  (611, -0.606704)  (613, -0.225471) 
row 594: (569, -0.249848)  (582, -0.862465)  (583, -0.854849)  (594, 3.70843)  (602, -0.732529)  (603, -0.238233)  (618, -0.770893) 
row 595: (570, -0.791422)  (585, -0.443327)  (595, 3.7404)  (600, -0.886891)  (605, -0.849038)  (616, -0.770058) 
row 596: (555, -0.562615)  (582, -0.782969)  (586, -0.975324)  (596, 3.73149)  (602, -0.864206)  (604, -0.546776) 
row 597: (576, -0.834836)  (579, -0.367606)  (591, -0.516456)  (597, 3.60776)  (610, -0.33124)  (615, -0.708086)  (619, -0.85008) 
row 598: (564, -0.401963)  (589, -0.667686)  (593, -0.912693)  (598, 3.75585)  (612, -0.912126)  (613, -0.861751) 
row 599: (578, -0.475188)  (592, -0.952226)  (599, 3.7722)  (611, -0.819837)  (614, -0.644533)  (620, -0.880758) 
row 600: (580, -0.632185)  (585, -0.771016)  (595, -0.886891)  (600, 3.84929)  (608, -1.15127)  (616, -0.408255) 
row 601: (581, -0.985109)  (583, -0.650504)  (587, -0.390686)  (601, 3.82234)  (603, -0.774174)  (617, -1.02223) 
row 602: (582, -0.233784)  (594, -0.732529)  (596, -0.864206)  (602, 3.70805)  (604, -0.331801)  (618, -0.879585)  (621, -0.666615) 
row 603: (583, -0.385631)  (594, -0.238233)  (601, -0.774174)  (603, 3.69851)  (617, -0.175642)  (618, -0.678449)  (622, -0.291326)  (634, -1.15565) 
row 604: (584, -0.276749)  (586, -0.526399)  (596, -0.546776)  (602, -0.331801)  (604, 3.38426)  (605, -0.326395)  (621, -0.339126)  (623, -0.570872)  (635, -0.466934) 
row 605: (570, -0.200906)  (584, -1.07865)  (595, -0.849038)  (604, -0.326395)  (605, 3.77952)  (616, -0.387657)  (623, -0.937417) 
row 606: (573, -0.512211 - 0.00416667 i) (587, -0.420612)  (606, 1.80239 - 0.0166667 i) (617, -0.34085)  (624, -0.0934249)  (625, -0.435725 - 0.00416667 i)
row 607: (588, -0.55595)  (590, -0.251907)  (607, 3.54629)  (608, -0.612247)  (609, -0.377701)  (626, -0.641764)  (627, -0.172767)  (639, -0.934528) 
row 608: (580, -0.156598)  (588, -0.500644)  (600, -1.15127)  (607, -0.612247)  (608, 3.66242)  (616, -0.22623)  (627, -0.72918)  (633, -0.28689) 
row 609: (589, -0.66509)  (590, -1.07554)  (607, -0.377701)  (609, 3.79148)  (612, -0.839789)  (626, -0.833695) 
row 610: (591, -1.18627)  (592, -0.585419)  (597, -0.33124)  (610, 3.88135)  (614, -0.707914)  (619, -1.0709) 
row 611: (578, -0.397929)  (593, -0.606704)  (599, -0.819837)  (611, 3.65756)  (613, -0.860921)  (620, -0.777437)  (628, -0.195123) 
row 612: (589, -0.337153)  (598, -0.912126)  (609, -0.839789)  (612, 3.62305)  (613, -0.325476)  (626, -0.514641)  (629, -0.694258) 
row 613: (593, -0.225471)  (598, -0.861751)  (611, -0.860921)  (612, -0.325476)  (613, 3.64972)  (628, -0.825395)  (629, -0.551128) 
row 614: (592, -0.362195)  (599, -0.644533)  (610, -0.707914)  (614, 3.65178)  (619, -0.193006)  (620, -0.218959)  (630, -0.408195)  (640, -1.11757) 
row 615: (579, -0.392547 - 0.00416667 i) (597, -0.708086)  (615, 1.80822 - 0.0166667 i) (619, -0.17882)  (631, -0.0934249)  (632, -0.435725 - 0.00416667 i)
row 616: (595, -0.770058)  (600, -0.408255)  (605, -0.387657)  (608, -0.22623)  (616, 3.63572)  (623, -0.538663)  (633, -1.09037)  (636, -0.215049) 
row 617: (587, -0.682413)  (601, -1.02223)  (603, -0.175642)  (606, -0.34085)  (617, 4.01886)  (624, -1.45312)  (634, -0.19207)  (637, -0.153199) 
row 618: (594, -0.770893)  (602, -0.879585)  (603, -0.678449)  (618, 3.76616)  (621, -0.460792)  (622, -0.976795) 
row 619: (597, -0.85008)  (610, -1.0709)  (614, -0.193006)  (615, -0.17882)  (619, 4.09058)  (631, -1.45312)  (640, -0.19207)  (641, -0.153199) 
row 620: (599, -0.880758)  (611, -0.777437)  (614, -0.218959)  (620, 3.92131)  (628, -0.869419)  (630, -1.17505) 
row 621: (602, -0.666615)  (604, -0.339126)  (618, -0.460792)  (621, 3.48094)  (622, -0.406652)  (635, -0.69648)  (644, -0.292089)  (645, -0.619843) 
row 622: (603, -0.291326)  (618, -0.976795)  (621, -0.406652)  (622, 3.69071)  (634, -0.476065)  (643, -0.481899)  (644, -1.05846) 
row 623: (604, -0.570872)  (605, -0.937417)  (616, -0.538663)  (623, 3.71091)  (635, -0.911715)  (636, -0.752689) 
row 624: (606, -0.0934249)  (617, -1.45312)  (624, 4.4675)  (625, -1.36827)  (637, -1.31766)  (638, -0.235415) 
row 625: (606, -0.435725 - 0.00416667 i) (624, -1.36827)  (625, 2.11109 - 0.0166667 i) (638, -0.307247 - 0.00416667 i)
row 626: (607, -0.641764)  (609, -0.833695)  (612, -0.514641)  (626, 3.63707)  (629, -0.552113)  (639, -0.17382)  (647, -0.921446) 
row 627: (607, -0.172767)  (608, -0.72918)  (627, 3.73682)  (633, -1.00947)  (639, -0.970724)  (646, -0.383492)  (648, -0.471631) 
row 628: (611, -0.195123)  (613, -0.825395)  (620, -0.869419)  (628, 3.59826)  (629, -0.477833)  (630, -0.19826)  (650, -0.716999)  (651, -0.315785) 
row 629: (612, -0.694258)  (613, -0.551128)  (626, -0.552113)  (628, -0.477833)  (629, 3.42779)  (647, -0.35886)  (650, -0.346612)  (654, -0.447572) 
row 630: (614, -0.408195)  (620, -1.17505)  (628, -0.19826)  (630, 3.78103)  (640, -0.518608)  (649, -0.480899)  (651, -1.00049) 
row 631: (615, -0.0934249)  (619, -1.45312)  (631, 4.4675)  (632, -1.36827)  (641, -1.31766)  (642, -0.235415) 
row 632: (615, -0.435725 - 0.00416667 i) (631, -1.36827)  (632, 2.11109 - 0.0166667 i) (642, -0.307247 - 0.00416667 i)
row 633: (608, -0.28689)  (616, -1.09037)  (627, -1.00947)  (633, 3.84373)  (636, -0.706603)  (646, -0.750778) 
row 634: (603, -1.15565)  (617, -0.19207)  (622, -0.476065)  (634, 4.03271)  (637, -1.11302)  (643, -1.09634) 
row 635: (604, -0.466934)  (621, -0.69648)  (623, -0.911715)  (635, 3.59525)  (636, -0.315111)  (645, -0.496181)  (652, -0.709367) 
row 636: (616, -0.215049)  (623, -0.752689)  (633, -0.706603)  (635, -0.315111)  (636, 3.52338)  (646, -0.541549)  (652, -0.706515)  (656, -0.286487) 
row 637: (617, -0.153199)  (624, -1.31766)  (634, -1.11302)  (637, 4.01983)  (638, -0.397342)  (643, -0.193679)  (653, -0.845442) 
row 638: (624, -0.235415)  (625, -0.307247 - 0.00416667 i) (637, -0.397342)  (638, 1.70289 - 0.0166667 i) (653, -0.380306)  (660, -0.382955 - 0.00416667 i)
row 639: (607, -0.934528)  (626, -0.17382)  (627, -0.970724)  (639, 3.89711)  (647, -1.03258)  (648, -0.785795) 
row 640: (614, -1.11757)  (619, -0.19207)  (630, -0.518608)  (640, 4.00888)  (641, -1.11302)  (649, -1.06804) 
row 641: (619, -0.153199)  (631, -1.31766)  (640, -1.11302)  (641, 4.01983)  (642, -0.397342)  (649, -0.193679)  (655, -0.845442) 
row 642: (631, -0.235415)  (632, -0.307247 - 0.00416667 i) (641, -0.397342)  (642, 1.70289 - 0.0166667 i) (655, -0.380306)  (666, -0.382955 - 0.00416667 i)
row 643: (622, -0.481899)  (634, -1.09634)  (637, -0.193679)  (643, 3.75832)  (644, -0.362494)  (653, -0.615251)  (657, -1.00919) 
row 644: (621, -0.292089)  (622, -1.05846)  (643, -0.362494)  (644, 3.76711)  (645, -0.845268)  (657, -0.235946)  (658, -0.973406) 
row 645: (621, -0.619843)  (635, -0.496181)  (644, -0.845268)  (645, 3.57983)  (652, -0.795962)  (658, -0.278195)  (659, -0.544886) 
row 646: (627, -0.383492)  (633, -0.750778)  (636, -0.541549)  (646, 3.54591)  (648, -0.730563)  (656, -0.614707)  (661, -0.525342) 
row 647: (626, -0.921446)  (629, -0.35886)  (639, -1.03258)  (647, 3.81146)  (648, -0.261185)  (654, -0.971766)  (662, -0.26613) 
row 648: (627, -0.471631)  (639, -0.785795)  (646, -0.730563)  (647, -0.261185)  (648, 3.60273)  (661, -0.709829)  (662, -0.644248) 
row 649: (630, -0.480899)  (640, -1.06804)  (641, -0.193679)  (649, 3.75824)  (651, -0.367435)  (655, -0.603725)  (664, -1.04498) 
row 650: (628, -0.716999)  (629, -0.346612)  (650, 3.61102)  (651, -0.809738)  (654, -0.879636)  (663, -0.566815)  (665, -0.291774) 
row 651: (628, -0.315785)  (630, -1.00049)  (649, -0.367435)  (650, -0.809738)  (651, 3.71212)  (664, -0.272201)  (665, -0.947027) 
row 652: (635, -0.709367)  (636, -0.706515)  (645, -0.795962)  (652, 3.6524)  (656, -0.787931)  (659, -0.653029) 
row 653: (637, -0.845442)  (638, -0.380306)  (643, -0.615251)  (653, 3.62383)  (657, -0.202162)  (660, -0.661524)  (667, -0.919734) 
row 654: (629, -0.447572)  (647, -0.971766)  (650, -0.879636)  (654, 3.72673)  (662, -0.780149)  (663, -0.648038) 
row 655: (641, -0.845442)  (642, -0.380306)  (649, -0.603725)  (655, 3.61966)  (664, -0.211831)  (666, -0.661524)  (668, -0.917421) 
row 656: (636, -0.286487)  (646, -0.614707)  (652, -0.787931)  (656, 3.61154)  (659, -0.522043)  (661, -0.289407)  (669, -0.98299)  (672, -0.128645) 
row 657: (643, -1.00919)  (644, -0.235946)  (653, -0.202162)  (657, 3.74391)  (658, -0.563197)  (667, -0.717809)  (670, -1.01617) 
row 658: (644, -0.973406)  (645, -0.278195)  (657, -0.563197)  (658, 3.60372)  (659, -0.712021)  (670, -0.436055)  (671, -0.641446) 
row 659: (645, -0.544886)  (652, -0.653029)  (656, -0.522043)  (658, -0.712021)  (659, 3.55166)  (671, -0.325767)  (672, -0.794493) 
row 660: (638, -0.382955 - 0.00416667 i) (653, -0.661524)  (660, 1.79052 - 0.0166667 i) (667, -0.316271)  (673, -0.430087 - 0.00416667 i)
row 661: (646, -0.525342)  (648, -0.709829)  (656, -0.289407)  (661, 3.50429)  (662, -0.260086)  (669, -0.722744)  (674, -0.680893)  (679, -0.316614) 
row 662: (647, -0.26613)  (648, -0.644248)  (654, -0.780149)  (661, -0.260086)  (662, 3.63699)  (663, -0.508205)  (674, -1.02702)  (675, -0.151811) 
row 663: (650, -0.566815)  (654, -0.648038)  (662, -0.508205)  (663, 3.54328)  (665, -0.712021)  (675, -0.783011)  (676, -0.325767) 
row 664: (649, -1.04498)  (651, -0.272201)  (655, -0.211831)  (664, 3.71716)  (665, -0.547827)  (668, -0.686734)  (677, -0.954137) 
row 665: (650, -0.291774)  (651, -0.947027)  (663, -0.712021)  (664, -0.547827)  (665, 3.5865)  (676, -0.641446)  (677, -0.447011) 
row 666: (642, -0.382955 - 0.00416667 i) (655, -0.661524)  (666, 1.79052 - 0.0166667 i) (668, -0.316271)  (678, -0.430087 - 0.00416667 i)
row 667: (653, -0.919734)  (657, -0.717809)  (660, -0.316271)  (667, 3.582)  (670, -0.488587)  (673, -0.566711)  (680, -0.573505) 
row 668: (655, -0.917421)  (664, -0.686734)  (666, -0.316271)  (668, 3.57175)  (677, -0.511733)  (678, -0.566711)  (681, -0.573505) 
row 669: (656, -0.98299)  (661, -0.722744)  (669, 3.87486)  (672, -1.02428)  (679, -0.960867)  (682, -0.184392) 
row 670: (657, -1.01617)  (658, -0.436055)  (667, -0.488587)  (670, 3.61093)  (671, -0.451979)  (680, -0.468681)  (683, -0.750084) 
row 671: (658, -0.641446)  (659, -0.325767)  (670, -0.451979)  (671, 3.46825)  (672, -0.501289)  (683, -0.375792)  (684, -0.554016)  (691, -0.618597) 
row 672: (656, -0.128645)  (659, -0.794493)  (669, -1.02428)  (671, -0.501289)  (672, 3.76504)  (682, -0.416685)  (684, -0.900142) 
row 673: (660, -0.430087 - 0.00416667 i) (667, -0.566711)  (673, 1.77909 - 0.0166667 i) (680, -0.389463)  (685, -0.393168 - 0.00416667 i)
row 674: (661, -0.680893)  (662, -1.02702)  (674, 3.87763)  (675, -1.00284)  (679, -0.974035)  (686, -0.193247) 
row 675: (662, -0.151811)  (663, -0.783011)  (674, -1.00284)  (675, 3.74947)  (676, -0.501289)  (686, -0.41087)  (687, -0.900142) 
row 676: (663, -0.325767)  (665, -0.641446)  (675, -0.501289)  (676, 3.46825)  (677, -0.451979)  (687, -0.554016)  (688, -0.375792)  (693, -0.618597) 
row 677: (664, -0.954137)  (665, -0.447011)  (668, -0.511733)  (676, -0.451979)  (677, 3.583)  (681, -0.468681)  (688, -0.750084) 
row 678: (666, -0.430087 - 0.00416667 i) (668, -0.566711)  (678, 1.77909 - 0.0166667 i) (681, -0.389463)  (689, -0.393168 - 0.00416667 i)
row 679: (661, -0.316614)  (669, -0.960867)  (674, -0.974035)  (679, 3.84269)  (682, -0.28991)  (686, -0.283505)  (690, -1.0182) 
row 680: (667, -0.573505)  (670, -0.468681)  (673, -0.389463)  (680, 3.45406)  (683, -0.382658)  (685, -0.482847)  (692, -0.537875)  (697, -0.619682) 
row 681: (668, -0.573505)  (677, -0.468681)  (678, -0.389463)  (681, 3.45406)  (688, -0.382658)  (689, -0.482847)  (694, -0.537875)  (702, -0.619682) 
row 682: (669, -0.184392)  (672, -0.416685)  (679, -0.28991)  (682, 3.71278)  (684, -0.763785)  (690, -1.03813)  (695, -0.701177)  (696, -0.319193) 
row 683: (670, -0.750084)  (671, -0.375792)  (680, -0.382658)  (683, 3.64993)  (691, -0.903253)  (697, -0.888368)  (698, -0.350311) 
row 684: (671, -0.554016)  (672, -0.900142)  (682, -0.763785)  (684, 3.69237)  (691, -0.859965)  (695, -0.614749) 
row 685: (673, -0.393168 - 0.00416667 i) (680, -0.482847)  (685, 1.85885 - 0.0166667 i) (692, -0.916322)  (699, -0.0667455 - 0.00416667 i)
row 686: (674, -0.193247)  (675, -0.41087)  (679, -0.283505)  (686, 3.70942)  (687, -0.763785)  (690, -1.03813)  (696, -0.319193)  (700, -0.701177) 
row 687: (675, -0.900142)  (676, -0.554016)  (686, -0.763785)  (687, 3.69237)  (693, -0.859965)  (700, -0.614749) 
row 688: (676, -0.375792)  (677, -0.750084)  (681, -0.382658)  (688, 3.64993)  (693, -0.903253)  (701, -0.350311)  (702, -0.888368) 
row 689: (678, -0.393168 - 0.00416667 i) (681, -0.482847)  (689, 1.85885 - 0.0166667 i) (694, -0.916322)  (703, -0.0667455 - 0.00416667 i)
row 690: (679, -1.0182)  (682, -1.03813)  (686, -1.03813)  (690, 4.00682)  (696, -0.912586) 
row 691: (671, -0.618597)  (683, -0.903253)  (684, -0.859965)  (691, 3.75405)  (695, -0.781404)  (698, -0.59118) 
row 692: (680, -0.537875)  (685, -0.916322)  (692, 3.70127)  (697, -0.868831)  (699, -0.763785)  (704, -0.614749) 
row 693: (676, -0.618597)  (687, -0.859965)  (688, -0.903253)  (693, 3.75405)  (700, -0.781404)  (701, -0.59118) 
row 694: (681, -0.537875)  (689, -0.916322)  (694, 3.70127)  (702, -0.868831)  (703, -0.763785)  (705, -0.614749) 
row 695: (682, -0.701177)  (684, -0.614749)  (691, -0.781404)  (695, 3.7872)  (696, -0.260274)  (698, -0.285075)  (706, -1.14497) 
row 696: (682, -0.319193)  (686, -0.319193)  (690, -0.912586)  (695, -0.260274)  (696, 3.50625)  (700, -0.260274)  (706, -0.409508)  (708, -0.409508)  (710, -0.616278) 
row 697: (680, -0.619682)  (683, -0.888368)  (692, -0.868831)  (697, 3.75051)  (698, -0.592579)  (704, -0.781404) 
row 698: (683, -0.350311)  (691, -0.59118)  (695, -0.285075)  (697, -0.592579)  (698, 3.70234)  (704, -0.285075)  (706, -0.137443)  (711, -0.137443)  (712, -1.32392) 
row 699: (685, -0.0667455 - 0.00416667 i) (692, -0.763785)  (699, 1.82783 - 0.0166667 i) (704, -0.701177)  (707, -0.296319 - 0.00416667 i)
row 700: (686, -0.701177)  (687, -0.614749)  (693, -0.781404)  (696, -0.260274)  (700, 3.7872)  (701, -0.285075)  (708, -1.14497) 
row 701: (688, -0.350311)  (693, -0.59118)  (700, -0.285075)  (701, 3.70234)  (702, -0.592579)  (705, -0.285075)  (708, -0.137443)  (713, -1.32392)  (714, -0.137443) 
row 702: (681, -0.619682)  (688, -0.888368)  (694, -0.868831)  (701, -0.592579)  (702, 3.75051)  (705, -0.781404) 
row 703: (689, -0.0667455 - 0.00416667 i) (694, -0.763785)  (703, 1.82783 - 0.0166667 i) (705, -0.701177)  (709, -0.296319 - 0.00416667 i)
row 704: (692, -0.614749)  (697, -0.781404)  (698, -0.285075)  (699, -0.701177)  (704, 3.7872)  (707, -0.260274)  (711, -1.14497) 
row 705: (694, -0.614749)  (701, -0.285075)  (702, -0.781404)  (703, -0.701177)  (705, 3.7872)  (709, -0.260274)  (714, -1.14497) 
row 706: (695, -1.14497)  (696, -0.409508)  (698, -0.137443)  (706, 3.93811)  (710, -1.1667)  (712, -0.818197)  (715, -0.166481)  (716, -0.0953802) 
row 707: (699, -0.296319 - 0.00416667 i) (704, -0.260274)  (707, 1.70082 - 0.0166667 i) (711, -0.409508)  (717, -0.616278)  (721, -0.118734 - 0.00416667 i)
row 708: (696, -0.409508)  (700, -1.14497)  (701, -0.137443)  (708, 3.93811)  (710, -1.1667)  (713, -0.818197)  (715, -0.166481)  (718, -0.0953802) 
row 709: (703, -0.296319 - 0.00416667 i) (705, -0.260274)  (709, 1.70082 - 0.00833333 i) (714, -0.409508)  (719, -0.616278)  (723, -0.118734) 
row 710: (696, -0.616278)  (706, -1.1667)  (708, -1.1667)  (710, 4.15083)  (715, -1.2014) 
row 711: (698, -0.137443)  (704, -1.14497)  (707, -0.409508)  (711, 3.93811)  (712, -0.818197)  (716, -0.0953802)  (717, -1.1667)  (720, -0.166481) 
row 712: (698, -1.32392)  (706, -0.818197)  (711, -0.818197)  (712, 4.09515)  (716, -1.13518) 
row 713: (701, -1.32392)  (708, -0.818197)  (713, 4.09515)  (714, -0.818197)  (718, -1.13518) 
row 714: (701, -0.137443)  (705, -1.14497)  (709, -0.409508)  (713, -0.818197)  (714, 3.93811)  (718, -0.0953802)  (719, -1.1667)  (722, -0.166481) 
row 715: (706, -0.166481)  (708, -0.166481)  (710, -1.2014)  (715, 4.04806)  (716, -1.08565)  (718, -1.08565)  (724, -0.342906) 
row 716: (706, -0.0953802)  (711, -0.0953802)  (712, -1.13518)  (715, -1.08565)  (716, 3.98607)  (720, -1.08565)  (724, -0.48941) 
row 717: (707, -0.616278)  (711, -1.1667)  (717, 4.15083)  (720, -1.2014)  (721, -1.1667) 
row 718: (708, -0.0953802)  (713, -1.13518)  (714, -0.0953802)  (715, -1.08565)  (718, 3.98607)  (722, -1.08565)  (724, -0.48941) 
row 719: (709, -0.616278)  (714, -1.1667)  (719, 4.15083)  (722, -1.2014)  (723, -1.1667) 
row 720: (711, -0.166481)  (716, -1.08565)  (717, -1.2014)  (720, 4.04806)  (721, -0.166481)  (724, -0.342906)  (725, -1.08565) 
row 721: (707, -0.118734 - 0.00416667 i) (717, -1.1667)  (720, -0.166481)  (721, 1.98747 - 0.0166667 i) (725, -0.0953802)  (727, -0.440499 - 0.00416667 i)
row 722: (714, -0.166481)  (718, -1.08565)  (719, -1.2014)  (722, 4.04806)  (723, -0.166481)  (724, -0.342906)  (726, -1.08565) 
row 723: (709, -0.118734)  (719, -1.1667)  (722, -0.166481)  (723, 1.98747)  (726, -0.0953802)  (728, -0.440499) 
row 724: (715, -0.342906)  (716, -0.48941)  (718, -0.48941)  (720, -0.342906)  (722, -0.342906)  (724, 3.32849)  (725, -0.48941)  (726, -0.48941)  (729, -0.342906) 
row 725: (720, -1.08565)  (721, -0.0953802)  (724, -0.48941)  (725, 3.98607)  (727, -1.13518)  (729, -1.08565)  (730, -0.0953802) 
row 726: (722, -1.08565)  (723, -0.0953802)  (724, -0.48941)  (726, 3.98607)  (728, -1.13518)  (729, -1.08565)  (731, -0.0953802) 
row 727: (721, -0.440499 - 0.00416667 i) (725, -1.13518)  (727, 2.016 - 0.0166667 i) (730, -0.440499 - 0.00416667 i)
row 728: (723, -0.440499)  (726, -1.13518)  (728, 2.016)  (731, -0.440499) 
row 729: (724, -0.342906)  (725, -1.08565)  (726, -1.08565)  (729, 4.04806)  (730, -0.166481)  (731, -0.166481)  (732, -1.2014) 
row 730: (725, -0.0953802)  (727, -0.440499 - 0.00416667 i) (729, -0.166481)  (730, 1.98747 - 0.0166667 i) (732, -1.1667)  (733, -0.118734 - 0.00416667 i)
row 731: (726, -0.0953802)  (728, -0.440499)  (729, -0.166481)  (731, 1.98747)  (732, -1.1667)  (733, -0.118734) 
row 732: (729, -1.2014)  (730, -1.1667)  (731, -1.1667)  (732, 4.15083)  (733, -0.616278) 
row 733: (730, -0.118734 - 0.00416667 i) (731, -0.118734)  (732, -0.616278)  (733, 0.853617 - 0.00833333 i)
